date,total_reported,accum_reported,total_recupered,accum_recupered,total_deceased,accum_deceased
01/03/2020,0,0,0,0,0,0
02/03/2020,0,0,0,0,0,0
03/03/2020,0,0,0,0,0,0
04/03/2020,0,0,0,0,0,0
05/03/2020,0,0,0,0,0,0
06/03/2020,0,0,0,0,0,0
07/03/2020,0,0,0,0,0,0
08/03/2020,0,0,0,0,0,0
09/03/2020,0,0,0,0,0,0
10/03/2020,0,0,0,0,0,0
11/03/2020,0,0,0,0,0,0
12/03/2020,0,0,0,0,0,0
13/03/2020,0,0,0,0,0,0
14/03/2020,0,0,0,0,0,0
15/03/2020,0,0,0,0,0,0
16/03/2020,0,0,0,0,0,0
17/03/2020,0,0,0,0,0,0
18/03/2020,0,0,0,0,0,0
19/03/2020,0,0,0,0,0,0
20/03/2020,0,0,0,0,0,0
21/03/2020,0,0,0,0,0,0
22/03/2020,0,0,0,0,0,0
23/03/2020,1,1,1,1,0,0
24/03/2020,0,1,0,1,0,0
25/03/2020,1,2,1,2,0,0
26/03/2020,0,2,0,2,0,0
27/03/2020,0,2,0,2,0,0
28/03/2020,0,2,0,2,0,0
29/03/2020,0,2,0,2,0,0
30/03/2020,0,2,0,2,0,0
31/03/2020,5,7,5,7,0,0
01/04/2020,1,8,1,8,0,0
02/04/2020,0,8,0,8,0,0
03/04/2020,0,8,0,8,0,0
04/04/2020,0,8,0,8,0,0
05/04/2020,1,9,1,9,0,0
06/04/2020,0,9,0,9,0,0
07/04/2020,0,9,0,9,0,0
08/04/2020,0,9,0,9,0,0
09/04/2020,0,9,0,9,0,0
10/04/2020,0,9,0,9,0,0
11/04/2020,0,9,0,9,0,0
12/04/2020,0,9,0,9,0,0
13/04/2020,0,9,0,9,0,0
14/04/2020,0,9,0,9,0,0
15/04/2020,0,9,0,9,0,0
16/04/2020,0,9,0,9,0,0
17/04/2020,0,9,0,9,0,0
18/04/2020,0,9,0,9,0,0
19/04/2020,0,9,0,9,0,0
20/04/2020,0,9,0,9,0,0
21/04/2020,0,9,0,9,0,0
22/04/2020,0,9,0,9,0,0
23/04/2020,0,9,0,9,0,0
24/04/2020,0,9,0,9,0,0
25/04/2020,0,9,0,9,0,0
26/04/2020,0,9,0,9,0,0
27/04/2020,0,9,0,9,0,0
28/04/2020,0,9,0,9,0,0
29/04/2020,1,10,1,10,0,0
30/04/2020,0,10,0,10,0,0
01/05/2020,0,10,0,10,0,0
02/05/2020,0,10,0,10,0,0
03/05/2020,0,10,0,10,0,0
04/05/2020,0,10,0,10,0,0
05/05/2020,0,10,0,10,0,0
06/05/2020,0,10,0,10,0,0
07/05/2020,0,10,0,10,0,0
08/05/2020,0,10,0,10,0,0
09/05/2020,0,10,0,10,0,0
10/05/2020,0,10,0,10,0,0
11/05/2020,0,10,0,10,0,0
12/05/2020,0,10,0,10,0,0
13/05/2020,0,10,0,10,0,0
14/05/2020,0,10,0,10,0,0
15/05/2020,1,11,1,11,0,0
16/05/2020,0,11,0,11,0,0
17/05/2020,0,11,0,11,0,0
18/05/2020,0,11,0,11,0,0
19/05/2020,0,11,0,11,0,0
20/05/2020,0,11,0,11,0,0
21/05/2020,1,12,1,12,0,0
22/05/2020,0,12,0,12,0,0
23/05/2020,0,12,0,12,0,0
24/05/2020,0,12,0,12,0,0
25/05/2020,0,12,0,12,0,0
26/05/2020,0,12,0,12,0,0
27/05/2020,0,12,0,12,0,0
28/05/2020,1,13,1,13,0,0
29/05/2020,0,13,0,13,0,0
30/05/2020,0,13,0,13,0,0
31/05/2020,0,13,0,13,0,0
01/06/2020,2,15,2,15,0,0
02/06/2020,0,15,0,15,0,0
03/06/2020,0,15,0,15,0,0
04/06/2020,0,15,0,15,0,0
05/06/2020,0,15,0,15,0,0
06/06/2020,0,15,0,15,0,0
07/06/2020,2,17,2,17,0,0
08/06/2020,0,17,0,17,0,0
09/06/2020,0,17,0,17,0,0
10/06/2020,2,19,2,19,0,0
11/06/2020,0,19,0,19,0,0
12/06/2020,0,19,0,19,0,0
13/06/2020,0,19,0,19,0,0
14/06/2020,1,20,1,20,0,0
15/06/2020,0,20,0,20,0,0
16/06/2020,3,23,2,22,0,0
17/06/2020,0,23,0,22,0,0
18/06/2020,0,23,0,22,0,0
19/06/2020,0,23,0,22,0,0
20/06/2020,1,24,1,23,0,0
21/06/2020,0,24,0,23,0,0
22/06/2020,2,26,2,25,0,0
23/06/2020,9,35,9,34,0,0
24/06/2020,1,36,1,35,0,0
25/06/2020,3,39,3,38,0,0
26/06/2020,2,41,2,40,0,0
27/06/2020,1,42,1,41,0,0
28/06/2020,2,44,2,43,0,0
29/06/2020,1,45,1,44,0,0
30/06/2020,5,50,5,49,0,0
01/07/2020,5,55,5,54,0,0
02/07/2020,0,55,0,54,0,0
03/07/2020,0,55,0,54,0,0
04/07/2020,1,56,0,54,1,1
05/07/2020,0,56,0,54,0,1
06/07/2020,1,57,0,54,0,1
07/07/2020,2,59,2,56,0,1
08/07/2020,0,59,0,56,0,1
09/07/2020,4,63,3,59,0,1
10/07/2020,5,68,5,64,0,1
11/07/2020,2,70,1,65,1,2
12/07/2020,3,73,1,66,0,2
13/07/2020,0,73,0,66,0,2
14/07/2020,1,74,0,66,0,2
15/07/2020,1,75,1,67,0,2
16/07/2020,12,87,1,68,0,2
17/07/2020,2,89,2,70,0,2
18/07/2020,4,93,3,73,0,2
19/07/2020,2,95,1,74,0,2
20/07/2020,10,105,0,74,0,2
21/07/2020,1,106,0,74,0,2
22/07/2020,7,113,0,74,0,2
23/07/2020,1,114,0,74,0,2
24/07/2020,12,126,1,75,0,2
25/07/2020,1,127,0,75,1,3
26/07/2020,3,130,0,75,0,3
27/07/2020,1,131,0,75,0,3
28/07/2020,1,132,1,76,0,3
29/07/2020,6,138,0,76,0,3
30/07/2020,8,146,0,76,0,3
31/07/2020,3,149,0,76,0,3
01/08/2020,9,158,0,76,0,3
02/08/2020,0,158,0,76,0,3
