date,total_reported,accum_reported,total_recupered,accum_recupered,total_deceased,accum_deceased
01/03/2020,0,0,0,0,0,0
02/03/2020,0,0,0,0,0,0
03/03/2020,0,0,0,0,0,0
04/03/2020,0,0,0,0,0,0
05/03/2020,0,0,0,0,0,0
06/03/2020,0,0,0,0,0,0
07/03/2020,0,0,0,0,0,0
08/03/2020,0,0,0,0,0,0
09/03/2020,0,0,0,0,0,0
10/03/2020,0,0,0,0,0,0
11/03/2020,0,0,0,0,0,0
12/03/2020,0,0,0,0,0,0
13/03/2020,0,0,0,0,0,0
14/03/2020,0,0,0,0,0,0
15/03/2020,0,0,0,0,0,0
16/03/2020,0,0,0,0,0,0
17/03/2020,0,0,0,0,0,0
18/03/2020,0,0,0,0,0,0
19/03/2020,0,0,0,0,0,0
20/03/2020,0,0,0,0,0,0
21/03/2020,0,0,0,0,0,0
22/03/2020,0,0,0,0,0,0
23/03/2020,0,0,0,0,0,0
24/03/2020,0,0,0,0,0,0
25/03/2020,0,0,0,0,0,0
26/03/2020,0,0,0,0,0,0
27/03/2020,0,0,0,0,0,0
28/03/2020,0,0,0,0,0,0
29/03/2020,0,0,0,0,0,0
30/03/2020,0,0,0,0,0,0
31/03/2020,0,0,0,0,0,0
01/04/2020,0,0,0,0,0,0
02/04/2020,0,0,0,0,0,0
03/04/2020,0,0,0,0,0,0
04/04/2020,0,0,0,0,0,0
05/04/2020,0,0,0,0,0,0
06/04/2020,0,0,0,0,0,0
07/04/2020,0,0,0,0,0,0
08/04/2020,0,0,0,0,0,0
09/04/2020,0,0,0,0,0,0
10/04/2020,0,0,0,0,0,0
11/04/2020,0,0,0,0,0,0
12/04/2020,0,0,0,0,0,0
13/04/2020,0,0,0,0,0,0
14/04/2020,0,0,0,0,0,0
15/04/2020,0,0,0,0,0,0
16/04/2020,0,0,0,0,0,0
17/04/2020,0,0,0,0,0,0
18/04/2020,0,0,0,0,0,0
19/04/2020,0,0,0,0,0,0
20/04/2020,0,0,0,0,0,0
21/04/2020,0,0,0,0,0,0
22/04/2020,0,0,0,0,0,0
23/04/2020,0,0,0,0,0,0
24/04/2020,0,0,0,0,0,0
25/04/2020,0,0,0,0,0,0
26/04/2020,0,0,0,0,0,0
27/04/2020,0,0,0,0,0,0
28/04/2020,0,0,0,0,0,0
29/04/2020,0,0,0,0,0,0
30/04/2020,0,0,0,0,0,0
01/05/2020,0,0,0,0,0,0
02/05/2020,0,0,0,0,0,0
03/05/2020,0,0,0,0,0,0
04/05/2020,0,0,0,0,0,0
05/05/2020,0,0,0,0,0,0
06/05/2020,0,0,0,0,0,0
07/05/2020,0,0,0,0,0,0
08/05/2020,1,1,1,1,0,0
09/05/2020,0,1,0,1,0,0
10/05/2020,1,2,1,2,0,0
11/05/2020,0,2,0,2,0,0
12/05/2020,0,2,0,2,0,0
13/05/2020,0,2,0,2,0,0
14/05/2020,0,2,0,2,0,0
15/05/2020,0,2,0,2,0,0
16/05/2020,0,2,0,2,0,0
17/05/2020,0,2,0,2,0,0
18/05/2020,0,2,0,2,0,0
19/05/2020,0,2,0,2,0,0
20/05/2020,0,2,0,2,0,0
21/05/2020,0,2,0,2,0,0
22/05/2020,0,2,0,2,0,0
23/05/2020,4,6,2,4,2,2
24/05/2020,0,6,0,4,0,2
25/05/2020,0,6,0,4,0,2
26/05/2020,0,6,0,4,0,2
27/05/2020,0,6,0,4,0,2
28/05/2020,0,6,0,4,0,2
29/05/2020,0,6,0,4,0,2
30/05/2020,1,7,0,4,1,3
31/05/2020,0,7,0,4,0,3
01/06/2020,0,7,0,4,0,3
02/06/2020,0,7,0,4,0,3
03/06/2020,0,7,0,4,0,3
04/06/2020,0,7,0,4,0,3
05/06/2020,0,7,0,4,0,3
06/06/2020,0,7,0,4,0,3
07/06/2020,0,7,0,4,0,3
08/06/2020,0,7,0,4,0,3
09/06/2020,1,8,0,4,0,3
10/06/2020,0,8,0,4,0,3
11/06/2020,0,8,0,4,0,3
12/06/2020,1,9,1,5,0,3
13/06/2020,0,9,0,5,0,3
14/06/2020,6,15,6,11,0,3
15/06/2020,8,23,4,15,0,3
16/06/2020,1,24,1,16,0,3
17/06/2020,1,25,1,17,0,3
18/06/2020,2,27,2,19,0,3
19/06/2020,4,31,3,22,0,3
20/06/2020,2,33,2,24,0,3
21/06/2020,7,40,7,31,0,3
22/06/2020,14,54,13,44,0,3
23/06/2020,4,58,3,47,1,4
24/06/2020,13,71,11,58,0,4
25/06/2020,0,71,0,58,0,4
26/06/2020,7,78,3,61,1,5
27/06/2020,39,117,33,94,2,7
28/06/2020,5,122,4,98,1,8
29/06/2020,10,132,9,107,1,9
30/06/2020,1,133,1,108,0,9
01/07/2020,11,144,11,119,0,9
02/07/2020,1,145,1,120,0,9
03/07/2020,2,147,0,120,1,10
04/07/2020,2,149,1,121,1,11
05/07/2020,4,153,3,124,1,12
06/07/2020,17,170,17,141,0,12
07/07/2020,1,171,0,141,0,12
08/07/2020,10,181,7,148,1,13
09/07/2020,0,181,0,148,0,13
10/07/2020,9,190,6,154,2,15
11/07/2020,12,202,7,161,3,18
12/07/2020,18,220,13,174,2,20
13/07/2020,5,225,2,176,2,22
14/07/2020,1,226,1,177,0,22
15/07/2020,17,243,12,189,1,23
16/07/2020,20,263,14,203,3,26
17/07/2020,28,291,26,229,0,26
18/07/2020,23,314,23,252,0,26
19/07/2020,2,316,1,253,1,27
20/07/2020,2,318,1,254,0,27
21/07/2020,19,337,18,272,0,27
22/07/2020,14,351,4,276,1,28
23/07/2020,24,375,5,281,0,28
24/07/2020,11,386,1,282,1,29
25/07/2020,13,399,4,286,2,31
26/07/2020,20,419,12,298,2,33
27/07/2020,7,426,5,303,0,33
28/07/2020,21,447,2,305,0,33
29/07/2020,50,497,12,317,1,34
30/07/2020,18,515,1,318,0,34
31/07/2020,1,516,0,318,0,34
01/08/2020,15,531,0,318,0,34
02/08/2020,15,546,1,319,0,34
03/08/2020,69,615,0,319,0,34
04/08/2020,7,622,1,320,0,34
05/08/2020,5,627,0,320,0,34
06/08/2020,10,637,0,320,0,34
07/08/2020,2,639,0,320,0,34
08/08/2020,0,639,0,320,0,34
