date,cases,accum_cases,recovered,accum_recovered,deaths,accum_deaths
01/03/2020,0,0,0,0,0,0
02/03/2020,0,0,0,0,0,0
03/03/2020,0,0,0,0,0,0
04/03/2020,0,0,0,0,0,0
05/03/2020,0,0,0,0,0,0
06/03/2020,0,0,0,0,0,0
07/03/2020,0,0,0,0,0,0
08/03/2020,0,0,0,0,0,0
09/03/2020,1,1,1,1,0,0
10/03/2020,0,1,0,1,0,0
11/03/2020,3,4,3,4,0,0
12/03/2020,0,4,0,4,0,0
13/03/2020,0,4,0,4,0,0
14/03/2020,3,7,3,7,0,0
15/03/2020,1,8,1,8,0,0
16/03/2020,0,8,0,8,0,0
17/03/2020,0,8,0,8,0,0
18/03/2020,0,8,0,8,0,0
19/03/2020,3,11,1,9,0,0
20/03/2020,11,22,5,14,0,0
21/03/2020,3,25,2,16,0,0
22/03/2020,5,30,3,19,0,0
23/03/2020,22,52,8,27,0,0
24/03/2020,0,52,0,27,0,0
25/03/2020,8,60,0,27,0,0
26/03/2020,0,60,0,27,0,0
27/03/2020,0,60,0,27,0,0
28/03/2020,7,67,3,30,0,0
29/03/2020,19,86,0,30,0,0
30/03/2020,10,96,0,30,0,0
31/03/2020,5,101,0,30,0,0
01/04/2020,6,107,0,30,0,0
02/04/2020,20,127,4,34,0,0
03/04/2020,19,146,2,36,0,0
04/04/2020,4,150,1,37,0,0
05/04/2020,22,172,2,39,0,0
06/04/2020,11,183,2,41,1,1
07/04/2020,25,208,0,41,0,1
08/04/2020,27,235,0,41,0,1
09/04/2020,4,239,0,41,0,1
10/04/2020,7,246,0,41,0,1
11/04/2020,6,252,0,41,0,1
12/04/2020,8,260,0,41,0,1
13/04/2020,12,272,0,41,0,1
