date,total_reported,accum_reported,total_recupered,accum_recupered,total_deceased,accum_deceased
01/03/2020,0,0,0,0,0,0
02/03/2020,0,0,0,0,0,0
03/03/2020,0,0,0,0,0,0
04/03/2020,0,0,0,0,0,0
05/03/2020,0,0,0,0,0,0
06/03/2020,0,0,0,0,0,0
07/03/2020,0,0,0,0,0,0
08/03/2020,0,0,0,0,0,0
09/03/2020,0,0,0,0,0,0
10/03/2020,0,0,0,0,0,0
11/03/2020,0,0,0,0,0,0
12/03/2020,0,0,0,0,0,0
13/03/2020,0,0,0,0,0,0
14/03/2020,0,0,0,0,0,0
15/03/2020,0,0,0,0,0,0
16/03/2020,0,0,0,0,0,0
17/03/2020,0,0,0,0,0,0
18/03/2020,0,0,0,0,0,0
19/03/2020,0,0,0,0,0,0
20/03/2020,0,0,0,0,0,0
21/03/2020,0,0,0,0,0,0
22/03/2020,0,0,0,0,0,0
23/03/2020,0,0,0,0,0,0
24/03/2020,0,0,0,0,0,0
25/03/2020,0,0,0,0,0,0
26/03/2020,0,0,0,0,0,0
27/03/2020,0,0,0,0,0,0
28/03/2020,0,0,0,0,0,0
29/03/2020,0,0,0,0,0,0
30/03/2020,0,0,0,0,0,0
31/03/2020,0,0,0,0,0,0
01/04/2020,0,0,0,0,0,0
02/04/2020,0,0,0,0,0,0
03/04/2020,0,0,0,0,0,0
04/04/2020,0,0,0,0,0,0
05/04/2020,0,0,0,0,0,0
06/04/2020,0,0,0,0,0,0
07/04/2020,0,0,0,0,0,0
08/04/2020,0,0,0,0,0,0
09/04/2020,0,0,0,0,0,0
10/04/2020,0,0,0,0,0,0
11/04/2020,0,0,0,0,0,0
12/04/2020,0,0,0,0,0,0
13/04/2020,0,0,0,0,0,0
14/04/2020,0,0,0,0,0,0
15/04/2020,0,0,0,0,0,0
16/04/2020,0,0,0,0,0,0
17/04/2020,0,0,0,0,0,0
18/04/2020,0,0,0,0,0,0
19/04/2020,0,0,0,0,0,0
20/04/2020,0,0,0,0,0,0
21/04/2020,0,0,0,0,0,0
22/04/2020,0,0,0,0,0,0
23/04/2020,0,0,0,0,0,0
24/04/2020,0,0,0,0,0,0
25/04/2020,0,0,0,0,0,0
26/04/2020,0,0,0,0,0,0
27/04/2020,0,0,0,0,0,0
28/04/2020,0,0,0,0,0,0
29/04/2020,0,0,0,0,0,0
30/04/2020,0,0,0,0,0,0
01/05/2020,0,0,0,0,0,0
02/05/2020,0,0,0,0,0,0
03/05/2020,0,0,0,0,0,0
04/05/2020,0,0,0,0,0,0
05/05/2020,0,0,0,0,0,0
06/05/2020,0,0,0,0,0,0
07/05/2020,0,0,0,0,0,0
08/05/2020,1,1,1,1,0,0
09/05/2020,0,1,0,1,0,0
10/05/2020,0,1,0,1,0,0
11/05/2020,2,3,0,1,1,1
12/05/2020,0,3,0,1,0,1
13/05/2020,1,4,1,2,0,1
14/05/2020,0,4,0,2,0,1
15/05/2020,3,7,3,5,0,1
16/05/2020,1,8,1,6,0,1
17/05/2020,3,11,3,9,0,1
18/05/2020,3,14,3,12,0,1
19/05/2020,0,14,0,12,0,1
20/05/2020,1,15,1,13,0,1
21/05/2020,2,17,2,15,0,1
22/05/2020,0,17,0,15,0,1
23/05/2020,1,18,1,16,0,1
24/05/2020,4,22,3,19,1,2
25/05/2020,1,23,1,20,0,2
26/05/2020,0,23,0,20,0,2
27/05/2020,1,24,1,21,0,2
28/05/2020,2,26,2,23,0,2
29/05/2020,1,27,1,24,0,2
30/05/2020,2,29,2,26,0,2
31/05/2020,1,30,1,27,0,2
01/06/2020,0,30,0,27,0,2
02/06/2020,1,31,1,28,0,2
03/06/2020,0,31,0,28,0,2
04/06/2020,0,31,0,28,0,2
05/06/2020,2,33,2,30,0,2
06/06/2020,1,34,0,30,1,3
07/06/2020,0,34,0,30,0,3
08/06/2020,0,34,0,30,0,3
09/06/2020,4,38,4,34,0,3
10/06/2020,1,39,1,35,0,3
11/06/2020,0,39,0,35,0,3
12/06/2020,0,39,0,35,0,3
13/06/2020,0,39,0,35,0,3
14/06/2020,1,40,0,35,1,4
15/06/2020,0,40,0,35,0,4
16/06/2020,2,42,1,36,1,5
17/06/2020,3,45,3,39,0,5
18/06/2020,3,48,3,42,0,5
19/06/2020,2,50,2,44,0,5
20/06/2020,1,51,1,45,0,5
21/06/2020,0,51,0,45,0,5
22/06/2020,0,51,0,45,0,5
23/06/2020,0,51,0,45,0,5
24/06/2020,2,53,2,47,0,5
25/06/2020,14,67,14,61,0,5
26/06/2020,0,67,0,61,0,5
27/06/2020,0,67,0,61,0,5
28/06/2020,0,67,0,61,0,5
29/06/2020,0,67,0,61,0,5
30/06/2020,0,67,0,61,0,5
01/07/2020,3,70,3,64,0,5
02/07/2020,0,70,0,64,0,5
03/07/2020,1,71,0,64,1,6
04/07/2020,0,71,0,64,0,6
05/07/2020,1,72,0,64,0,6
06/07/2020,1,73,0,64,0,6
07/07/2020,0,73,0,64,0,6
08/07/2020,2,75,1,65,0,6
09/07/2020,0,75,0,65,0,6
10/07/2020,2,77,0,65,0,6
11/07/2020,1,78,0,65,0,6
12/07/2020,1,79,0,65,0,6
13/07/2020,0,79,0,65,0,6
14/07/2020,1,80,0,65,0,6
15/07/2020,4,84,0,65,0,6
16/07/2020,1,85,0,65,0,6
17/07/2020,2,87,2,67,0,6
18/07/2020,6,93,1,68,1,7
19/07/2020,1,94,0,68,0,7
20/07/2020,0,94,0,68,0,7
21/07/2020,2,96,0,68,0,7
22/07/2020,2,98,0,68,0,7
23/07/2020,2,100,0,68,0,7
24/07/2020,0,100,0,68,0,7
25/07/2020,0,100,0,68,0,7
