date,total_reported,accum_reported,total_recupered,accum_recupered,total_deceased,accum_deceased
01/03/2020,0,0,0,0,0,0
02/03/2020,0,0,0,0,0,0
03/03/2020,0,0,0,0,0,0
04/03/2020,0,0,0,0,0,0
05/03/2020,0,0,0,0,0,0
06/03/2020,0,0,0,0,0,0
07/03/2020,0,0,0,0,0,0
08/03/2020,0,0,0,0,0,0
09/03/2020,0,0,0,0,0,0
10/03/2020,0,0,0,0,0,0
11/03/2020,0,0,0,0,0,0
12/03/2020,0,0,0,0,0,0
13/03/2020,0,0,0,0,0,0
14/03/2020,0,0,0,0,0,0
15/03/2020,0,0,0,0,0,0
16/03/2020,0,0,0,0,0,0
17/03/2020,0,0,0,0,0,0
18/03/2020,0,0,0,0,0,0
19/03/2020,0,0,0,0,0,0
20/03/2020,0,0,0,0,0,0
21/03/2020,0,0,0,0,0,0
22/03/2020,0,0,0,0,0,0
23/03/2020,0,0,0,0,0,0
24/03/2020,0,0,0,0,0,0
25/03/2020,0,0,0,0,0,0
26/03/2020,0,0,0,0,0,0
27/03/2020,0,0,0,0,0,0
28/03/2020,0,0,0,0,0,0
29/03/2020,0,0,0,0,0,0
30/03/2020,0,0,0,0,0,0
31/03/2020,1,1,1,1,0,0
01/04/2020,0,1,0,1,0,0
02/04/2020,0,1,0,1,0,0
03/04/2020,0,1,0,1,0,0
04/04/2020,0,1,0,1,0,0
05/04/2020,0,1,0,1,0,0
06/04/2020,0,1,0,1,0,0
07/04/2020,0,1,0,1,0,0
08/04/2020,0,1,0,1,0,0
09/04/2020,1,2,1,2,0,0
10/04/2020,0,2,0,2,0,0
11/04/2020,2,4,1,3,0,0
12/04/2020,0,4,0,3,0,0
13/04/2020,0,4,0,3,0,0
14/04/2020,0,4,0,3,0,0
15/04/2020,0,4,0,3,0,0
16/04/2020,1,5,0,3,1,1
17/04/2020,1,6,1,4,0,1
18/04/2020,1,7,1,5,0,1
19/04/2020,0,7,0,5,0,1
20/04/2020,1,8,1,6,0,1
21/04/2020,0,8,0,6,0,1
22/04/2020,0,8,0,6,0,1
23/04/2020,0,8,0,6,0,1
24/04/2020,4,12,3,9,1,2
25/04/2020,6,18,6,15,0,2
26/04/2020,0,18,0,15,0,2
27/04/2020,1,19,1,16,0,2
28/04/2020,9,28,8,24,0,2
29/04/2020,0,28,0,24,0,2
30/04/2020,0,28,0,24,0,2
01/05/2020,20,48,16,40,1,3
02/05/2020,1,49,1,41,0,3
03/05/2020,11,60,9,50,1,4
04/05/2020,0,60,0,50,0,4
05/05/2020,39,99,35,85,3,7
06/05/2020,3,102,3,88,0,7
07/05/2020,0,102,0,88,0,7
08/05/2020,0,102,0,88,0,7
09/05/2020,4,106,3,91,0,7
10/05/2020,30,136,29,120,0,7
11/05/2020,3,139,1,121,2,9
12/05/2020,25,164,24,145,1,10
13/05/2020,0,164,0,145,0,10
14/05/2020,38,202,36,181,2,12
15/05/2020,41,243,37,218,2,14
16/05/2020,61,304,58,276,2,16
17/05/2020,1,305,1,277,0,16
18/05/2020,2,307,2,279,0,16
19/05/2020,9,316,8,287,0,16
20/05/2020,28,344,28,315,0,16
21/05/2020,44,388,42,357,2,18
22/05/2020,26,414,25,382,1,19
23/05/2020,7,421,6,388,1,20
24/05/2020,43,464,39,427,2,22
25/05/2020,45,509,37,464,5,27
26/05/2020,5,514,5,469,0,27
27/05/2020,13,527,12,481,1,28
28/05/2020,10,537,8,489,0,28
29/05/2020,76,613,73,562,3,31
30/05/2020,42,655,41,603,0,31
31/05/2020,73,728,71,674,2,33
01/06/2020,51,779,49,723,1,34
02/06/2020,42,821,36,759,6,40
03/06/2020,38,859,36,795,1,41
04/06/2020,11,870,10,805,1,42
05/06/2020,6,876,6,811,0,42
06/06/2020,38,914,36,847,2,44
07/06/2020,11,925,11,858,0,44
08/06/2020,9,934,9,867,0,44
09/06/2020,47,981,46,913,0,44
10/06/2020,153,1134,152,1065,1,45
11/06/2020,8,1142,6,1071,1,46
12/06/2020,8,1150,7,1078,0,46
13/06/2020,13,1163,11,1089,0,46
14/06/2020,38,1201,34,1123,2,48
15/06/2020,3,1204,3,1126,0,48
16/06/2020,27,1231,23,1149,2,50
17/06/2020,3,1234,3,1152,0,50
18/06/2020,77,1311,75,1227,1,51
19/06/2020,26,1337,24,1251,1,52
20/06/2020,4,1341,4,1255,0,52
21/06/2020,19,1360,16,1271,1,53
22/06/2020,10,1370,9,1280,0,53
23/06/2020,18,1388,16,1296,0,53
24/06/2020,10,1398,7,1303,0,53
25/06/2020,24,1422,19,1322,1,54
26/06/2020,4,1426,3,1325,1,55
27/06/2020,23,1449,18,1343,1,56
28/06/2020,22,1471,19,1362,0,56
29/06/2020,12,1483,9,1371,0,56
30/06/2020,4,1487,3,1374,0,56
01/07/2020,14,1501,12,1386,1,57
02/07/2020,7,1508,7,1393,0,57
03/07/2020,9,1517,6,1399,1,58
04/07/2020,3,1520,3,1402,0,58
05/07/2020,25,1545,22,1424,1,59
06/07/2020,5,1550,4,1428,0,59
07/07/2020,20,1570,15,1443,1,60
08/07/2020,17,1587,17,1460,0,60
09/07/2020,10,1597,4,1464,2,62
10/07/2020,3,1600,2,1466,0,62
11/07/2020,4,1604,0,1466,0,62
12/07/2020,3,1607,0,1466,0,62
13/07/2020,1,1608,0,1466,0,62
14/07/2020,2,1610,1,1467,0,62
15/07/2020,14,1624,4,1471,0,62
16/07/2020,8,1632,4,1475,0,62
17/07/2020,2,1634,1,1476,0,62
18/07/2020,6,1640,1,1477,0,62
19/07/2020,7,1647,1,1478,0,62
20/07/2020,5,1652,0,1478,1,63
21/07/2020,6,1658,1,1479,0,63
22/07/2020,14,1672,1,1480,1,64
23/07/2020,0,1672,0,1480,0,64
24/07/2020,10,1682,2,1482,0,64
25/07/2020,7,1689,4,1486,0,64
26/07/2020,2,1691,0,1486,0,64
27/07/2020,5,1696,0,1486,0,64
28/07/2020,23,1719,5,1491,1,65
29/07/2020,13,1732,0,1491,0,65
30/07/2020,0,1732,0,1491,0,65
