date,cases,accum_cases,recovered,accum_recovered,deaths,accum_deaths
01/03/2020,0,0,0,0,0,0
02/03/2020,0,0,0,0,0,0
03/03/2020,0,0,0,0,0,0
04/03/2020,0,0,0,0,0,0
05/03/2020,0,0,0,0,0,0
06/03/2020,0,0,0,0,0,0
07/03/2020,0,0,0,0,0,0
08/03/2020,0,0,0,0,0,0
09/03/2020,0,0,0,0,0,0
10/03/2020,0,0,0,0,0,0
11/03/2020,0,0,0,0,0,0
12/03/2020,0,0,0,0,0,0
13/03/2020,0,0,0,0,0,0
14/03/2020,0,0,0,0,0,0
15/03/2020,0,0,0,0,0,0
16/03/2020,0,0,0,0,0,0
17/03/2020,0,0,0,0,0,0
18/03/2020,2,2,2,2,0,0
19/03/2020,1,3,1,3,0,0
20/03/2020,0,3,0,3,0,0
21/03/2020,0,3,0,3,0,0
22/03/2020,2,5,1,4,0,0
23/03/2020,1,6,0,4,0,0
24/03/2020,1,7,0,4,0,0
25/03/2020,4,11,3,7,0,0
26/03/2020,0,11,0,7,0,0
27/03/2020,3,14,1,8,0,0
28/03/2020,1,15,0,8,0,0
29/03/2020,0,15,0,8,0,0
30/03/2020,0,15,0,8,0,0
31/03/2020,0,15,0,8,0,0
01/04/2020,2,17,0,8,0,0
02/04/2020,0,17,0,8,0,0
03/04/2020,0,17,0,8,0,0
04/04/2020,0,17,0,8,0,0
05/04/2020,0,17,0,8,0,0
06/04/2020,0,17,0,8,0,0
07/04/2020,7,24,1,9,0,0
08/04/2020,3,27,0,9,0,0
09/04/2020,1,28,0,9,0,0
10/04/2020,3,31,0,9,0,0
11/04/2020,3,34,0,9,1,1
12/04/2020,0,34,0,9,0,1
13/04/2020,1,35,0,9,0,1
14/04/2020,0,35,0,9,0,1
