date,total_reported,accum_reported,total_recupered,accum_recupered,total_deceased,accum_deceased
01/03/2020,0,0,0,0,0,0
02/03/2020,0,0,0,0,0,0
03/03/2020,0,0,0,0,0,0
04/03/2020,0,0,0,0,0,0
05/03/2020,0,0,0,0,0,0
06/03/2020,0,0,0,0,0,0
07/03/2020,0,0,0,0,0,0
08/03/2020,0,0,0,0,0,0
09/03/2020,0,0,0,0,0,0
10/03/2020,0,0,0,0,0,0
11/03/2020,0,0,0,0,0,0
12/03/2020,0,0,0,0,0,0
13/03/2020,0,0,0,0,0,0
14/03/2020,0,0,0,0,0,0
15/03/2020,0,0,0,0,0,0
16/03/2020,0,0,0,0,0,0
17/03/2020,1,1,1,1,0,0
18/03/2020,1,2,1,2,0,0
19/03/2020,0,2,0,2,0,0
20/03/2020,0,2,0,2,0,0
21/03/2020,1,3,1,3,0,0
22/03/2020,1,4,1,4,0,0
23/03/2020,0,4,0,4,0,0
24/03/2020,4,8,4,8,0,0
25/03/2020,1,9,1,9,0,0
26/03/2020,0,9,0,9,0,0
27/03/2020,0,9,0,9,0,0
28/03/2020,0,9,0,9,0,0
29/03/2020,0,9,0,9,0,0
30/03/2020,0,9,0,9,0,0
31/03/2020,0,9,0,9,0,0
01/04/2020,5,14,5,14,0,0
02/04/2020,0,14,0,14,0,0
03/04/2020,1,15,1,15,0,0
04/04/2020,0,15,0,15,0,0
05/04/2020,0,15,0,15,0,0
06/04/2020,0,15,0,15,0,0
07/04/2020,0,15,0,15,0,0
08/04/2020,0,15,0,15,0,0
09/04/2020,0,15,0,15,0,0
10/04/2020,4,19,4,19,0,0
11/04/2020,2,21,1,20,1,1
12/04/2020,0,21,0,20,0,1
13/04/2020,0,21,0,20,0,1
14/04/2020,0,21,0,20,0,1
15/04/2020,2,23,2,22,0,1
16/04/2020,1,24,1,23,0,1
17/04/2020,2,26,2,25,0,1
18/04/2020,0,26,0,25,0,1
19/04/2020,2,28,2,27,0,1
20/04/2020,0,28,0,27,0,1
21/04/2020,4,32,4,31,0,1
22/04/2020,4,36,4,35,0,1
23/04/2020,0,36,0,35,0,1
24/04/2020,0,36,0,35,0,1
25/04/2020,1,37,1,36,0,1
26/04/2020,1,38,1,37,0,1
27/04/2020,11,49,11,48,0,1
28/04/2020,7,56,7,55,0,1
29/04/2020,4,60,4,59,0,1
30/04/2020,2,62,2,61,0,1
01/05/2020,17,79,17,78,0,1
02/05/2020,1,80,1,79,0,1
03/05/2020,5,85,5,84,0,1
04/05/2020,1,86,1,85,0,1
05/05/2020,0,86,0,85,0,1
06/05/2020,0,86,0,85,0,1
07/05/2020,4,90,4,89,0,1
08/05/2020,5,95,5,94,0,1
09/05/2020,0,95,0,94,0,1
10/05/2020,22,117,18,112,3,4
11/05/2020,0,117,0,112,0,4
12/05/2020,2,119,2,114,0,4
13/05/2020,1,120,1,115,0,4
14/05/2020,0,120,0,115,0,4
15/05/2020,18,138,18,133,0,4
16/05/2020,1,139,1,134,0,4
17/05/2020,0,139,0,134,0,4
18/05/2020,0,139,0,134,0,4
19/05/2020,5,144,5,139,0,4
20/05/2020,1,145,1,140,0,4
21/05/2020,1,146,1,141,0,4
22/05/2020,1,147,1,142,0,4
23/05/2020,2,149,1,143,0,4
24/05/2020,1,150,1,144,0,4
25/05/2020,1,151,1,145,0,4
26/05/2020,9,160,9,154,0,4
27/05/2020,0,160,0,154,0,4
28/05/2020,1,161,1,155,0,4
29/05/2020,0,161,0,155,0,4
30/05/2020,0,161,0,155,0,4
31/05/2020,5,166,5,160,0,4
01/06/2020,0,166,0,160,0,4
02/06/2020,0,166,0,160,0,4
03/06/2020,0,166,0,160,0,4
04/06/2020,1,167,0,160,1,5
05/06/2020,1,168,1,161,0,5
06/06/2020,0,168,0,161,0,5
07/06/2020,1,169,1,162,0,5
08/06/2020,0,169,0,162,0,5
09/06/2020,1,170,1,163,0,5
10/06/2020,3,173,3,166,0,5
11/06/2020,7,180,7,173,0,5
12/06/2020,9,189,9,182,0,5
13/06/2020,9,198,6,188,2,7
14/06/2020,3,201,3,191,0,7
15/06/2020,2,203,1,192,0,7
16/06/2020,4,207,4,196,0,7
17/06/2020,5,212,5,201,0,7
18/06/2020,3,215,3,204,0,7
19/06/2020,5,220,5,209,0,7
20/06/2020,10,230,10,219,0,7
21/06/2020,7,237,7,226,0,7
22/06/2020,2,239,2,228,0,7
23/06/2020,7,246,6,234,0,7
24/06/2020,5,251,5,239,0,7
25/06/2020,3,254,2,241,0,7
26/06/2020,1,255,1,242,0,7
27/06/2020,11,266,10,252,0,7
28/06/2020,6,272,3,255,0,7
29/06/2020,0,272,0,255,0,7
30/06/2020,0,272,0,255,0,7
01/07/2020,5,277,5,260,0,7
02/07/2020,6,283,3,263,1,8
03/07/2020,2,285,2,265,0,8
04/07/2020,2,287,2,267,0,8
05/07/2020,5,292,4,271,0,8
06/07/2020,4,296,4,275,0,8
07/07/2020,10,306,7,282,0,8
08/07/2020,2,308,2,284,0,8
09/07/2020,10,318,8,292,1,9
10/07/2020,26,344,16,308,1,10
11/07/2020,5,349,5,313,0,10
12/07/2020,11,360,10,323,1,11
13/07/2020,7,367,4,327,0,11
14/07/2020,11,378,11,338,0,11
15/07/2020,3,381,1,339,0,11
16/07/2020,67,448,8,347,0,11
17/07/2020,9,457,2,349,0,11
18/07/2020,22,479,14,363,1,12
19/07/2020,15,494,1,364,0,12
20/07/2020,17,511,2,366,0,12
21/07/2020,20,531,1,367,0,12
22/07/2020,26,557,2,369,2,14
23/07/2020,9,566,2,371,1,15
24/07/2020,32,598,0,371,0,15
25/07/2020,53,651,1,372,0,15
26/07/2020,39,690,0,372,0,15
27/07/2020,46,736,0,372,2,17
28/07/2020,38,774,0,372,0,17
29/07/2020,27,801,0,372,0,17
30/07/2020,165,966,0,372,0,17
31/07/2020,0,966,0,372,0,17
