date,total_reported,accum_reported,total_recupered,accum_recupered,total_deceased,accum_deceased
01/03/2020,0,0,0,0,0,0
02/03/2020,0,0,0,0,0,0
03/03/2020,0,0,0,0,0,0
04/03/2020,0,0,0,0,0,0
05/03/2020,0,0,0,0,0,0
06/03/2020,0,0,0,0,0,0
07/03/2020,0,0,0,0,0,0
08/03/2020,0,0,0,0,0,0
09/03/2020,0,0,0,0,0,0
10/03/2020,0,0,0,0,0,0
11/03/2020,0,0,0,0,0,0
12/03/2020,0,0,0,0,0,0
13/03/2020,0,0,0,0,0,0
14/03/2020,0,0,0,0,0,0
15/03/2020,1,1,1,1,0,0
16/03/2020,0,1,0,1,0,0
17/03/2020,2,3,2,3,0,0
18/03/2020,0,3,0,3,0,0
19/03/2020,3,6,3,6,0,0
20/03/2020,0,6,0,6,0,0
21/03/2020,1,7,1,7,0,0
22/03/2020,0,7,0,7,0,0
23/03/2020,0,7,0,7,0,0
24/03/2020,2,9,2,9,0,0
25/03/2020,4,13,4,13,0,0
26/03/2020,0,13,0,13,0,0
27/03/2020,0,13,0,13,0,0
28/03/2020,0,13,0,13,0,0
29/03/2020,0,13,0,13,0,0
30/03/2020,0,13,0,13,0,0
31/03/2020,2,15,2,15,0,0
01/04/2020,0,15,0,15,0,0
02/04/2020,2,17,2,17,0,0
03/04/2020,4,21,3,20,1,1
04/04/2020,0,21,0,20,0,1
05/04/2020,0,21,0,20,0,1
06/04/2020,0,21,0,20,0,1
07/04/2020,0,21,0,20,0,1
08/04/2020,2,23,2,22,0,1
09/04/2020,9,32,7,29,2,3
10/04/2020,2,34,2,31,0,3
11/04/2020,1,35,0,31,1,4
12/04/2020,2,37,2,33,0,4
13/04/2020,0,37,0,33,0,4
14/04/2020,7,44,7,40,0,4
15/04/2020,6,50,6,46,0,4
16/04/2020,0,50,0,46,0,4
17/04/2020,0,50,0,46,0,4
18/04/2020,2,52,1,47,1,5
19/04/2020,0,52,0,47,0,5
20/04/2020,0,52,0,47,0,5
21/04/2020,0,52,0,47,0,5
22/04/2020,1,53,1,48,0,5
23/04/2020,0,53,0,48,0,5
24/04/2020,0,53,0,48,0,5
25/04/2020,0,53,0,48,0,5
26/04/2020,1,54,1,49,0,5
27/04/2020,0,54,0,49,0,5
28/04/2020,6,60,6,55,0,5
29/04/2020,0,60,0,55,0,5
30/04/2020,0,60,0,55,0,5
01/05/2020,4,64,4,59,0,5
02/05/2020,5,69,3,62,2,7
03/05/2020,0,69,0,62,0,7
04/05/2020,0,69,0,62,0,7
05/05/2020,1,70,1,63,0,7
06/05/2020,0,70,0,63,0,7
07/05/2020,0,70,0,63,0,7
08/05/2020,5,75,4,67,1,8
09/05/2020,2,77,2,69,0,8
10/05/2020,0,77,0,69,0,8
11/05/2020,0,77,0,69,0,8
12/05/2020,3,80,3,72,0,8
13/05/2020,0,80,0,72,0,8
14/05/2020,0,80,0,72,0,8
15/05/2020,0,80,0,72,0,8
16/05/2020,5,85,3,75,2,10
17/05/2020,1,86,1,76,0,10
18/05/2020,0,86,0,76,0,10
19/05/2020,0,86,0,76,0,10
20/05/2020,2,88,2,78,0,10
21/05/2020,0,88,0,78,0,10
22/05/2020,1,89,1,79,0,10
23/05/2020,0,89,0,79,0,10
24/05/2020,0,89,0,79,0,10
25/05/2020,0,89,0,79,0,10
26/05/2020,1,90,1,80,0,10
27/05/2020,0,90,0,80,0,10
28/05/2020,1,91,1,81,0,10
29/05/2020,0,91,0,81,0,10
30/05/2020,0,91,0,81,0,10
31/05/2020,0,91,0,81,0,10
01/06/2020,0,91,0,81,0,10
02/06/2020,1,92,1,82,0,10
03/06/2020,1,93,1,83,0,10
04/06/2020,0,93,0,83,0,10
05/06/2020,0,93,0,83,0,10
06/06/2020,0,93,0,83,0,10
07/06/2020,4,97,4,87,0,10
08/06/2020,3,100,3,90,0,10
09/06/2020,1,101,1,91,0,10
10/06/2020,0,101,0,91,0,10
11/06/2020,0,101,0,91,0,10
12/06/2020,0,101,0,91,0,10
13/06/2020,3,104,3,94,0,10
14/06/2020,5,109,3,97,2,12
15/06/2020,0,109,0,97,0,12
16/06/2020,3,112,3,100,0,12
17/06/2020,1,113,1,101,0,12
18/06/2020,11,124,11,112,0,12
19/06/2020,11,135,11,123,0,12
20/06/2020,11,146,11,134,0,12
21/06/2020,15,161,13,147,2,14
22/06/2020,1,162,1,148,0,14
23/06/2020,6,168,6,154,0,14
24/06/2020,8,176,8,162,0,14
25/06/2020,4,180,3,165,1,15
26/06/2020,4,184,4,169,0,15
27/06/2020,14,198,13,182,0,15
28/06/2020,12,210,12,194,0,15
29/06/2020,1,211,1,195,0,15
30/06/2020,2,213,2,197,0,15
01/07/2020,5,218,5,202,0,15
02/07/2020,3,221,3,205,0,15
03/07/2020,6,227,6,211,0,15
04/07/2020,7,234,7,218,0,15
05/07/2020,14,248,14,232,0,15
06/07/2020,2,250,2,234,0,15
07/07/2020,20,270,14,248,2,17
08/07/2020,4,274,3,251,0,17
09/07/2020,13,287,11,262,0,17
10/07/2020,43,330,43,305,0,17
11/07/2020,26,356,22,327,2,19
12/07/2020,32,388,28,355,0,19
13/07/2020,1,389,1,356,0,19
14/07/2020,33,422,27,383,1,20
15/07/2020,5,427,3,386,0,20
16/07/2020,37,464,25,411,2,22
17/07/2020,26,490,23,434,2,24
18/07/2020,24,514,14,448,3,27
19/07/2020,31,545,24,472,2,29
20/07/2020,27,572,17,489,0,29
21/07/2020,45,617,19,508,2,31
22/07/2020,160,777,78,586,16,47
23/07/2020,83,860,14,600,4,51
24/07/2020,92,952,47,647,4,55
25/07/2020,74,1026,18,665,8,63
26/07/2020,40,1066,6,671,2,65
27/07/2020,156,1222,7,678,11,76
28/07/2020,31,1253,0,678,1,77
29/07/2020,140,1393,4,682,9,86
30/07/2020,73,1466,4,686,0,86
31/07/2020,122,1588,8,694,6,92
01/08/2020,115,1703,6,700,8,100
02/08/2020,130,1833,4,704,8,108
03/08/2020,122,1955,0,704,1,109
04/08/2020,167,2122,0,704,6,115
05/08/2020,169,2291,0,704,0,115
06/08/2020,0,2291,0,704,0,115
