date,total_reported,accum_reported,total_recupered,accum_recupered,total_deceased,accum_deceased
01/03/2020,0,0,0,0,0,0
02/03/2020,0,0,0,0,0,0
03/03/2020,0,0,0,0,0,0
04/03/2020,0,0,0,0,0,0
05/03/2020,0,0,0,0,0,0
06/03/2020,0,0,0,0,0,0
07/03/2020,0,0,0,0,0,0
08/03/2020,0,0,0,0,0,0
09/03/2020,0,0,0,0,0,0
10/03/2020,0,0,0,0,0,0
11/03/2020,0,0,0,0,0,0
12/03/2020,0,0,0,0,0,0
13/03/2020,0,0,0,0,0,0
14/03/2020,0,0,0,0,0,0
15/03/2020,1,1,1,1,0,0
16/03/2020,0,1,0,1,0,0
17/03/2020,2,3,2,3,0,0
18/03/2020,0,3,0,3,0,0
19/03/2020,3,6,3,6,0,0
20/03/2020,0,6,0,6,0,0
21/03/2020,2,8,2,8,0,0
22/03/2020,0,8,0,8,0,0
23/03/2020,0,8,0,8,0,0
24/03/2020,3,11,3,11,0,0
25/03/2020,4,15,4,15,0,0
26/03/2020,0,15,0,15,0,0
27/03/2020,0,15,0,15,0,0
28/03/2020,0,15,0,15,0,0
29/03/2020,0,15,0,15,0,0
30/03/2020,1,16,1,16,0,0
31/03/2020,3,19,3,19,0,0
01/04/2020,0,19,0,19,0,0
02/04/2020,2,21,2,21,0,0
03/04/2020,4,25,3,24,1,1
04/04/2020,0,25,0,24,0,1
05/04/2020,0,25,0,24,0,1
06/04/2020,0,25,0,24,0,1
07/04/2020,0,25,0,24,0,1
08/04/2020,2,27,2,26,0,1
09/04/2020,11,38,8,34,3,4
10/04/2020,2,40,2,36,0,4
11/04/2020,1,41,0,36,1,5
12/04/2020,2,43,2,38,0,5
13/04/2020,0,43,0,38,0,5
14/04/2020,7,50,7,45,0,5
15/04/2020,7,57,7,52,0,5
16/04/2020,0,57,0,52,0,5
17/04/2020,0,57,0,52,0,5
18/04/2020,2,59,1,53,1,6
19/04/2020,0,59,0,53,0,6
20/04/2020,0,59,0,53,0,6
21/04/2020,0,59,0,53,0,6
22/04/2020,1,60,1,54,0,6
23/04/2020,0,60,0,54,0,6
24/04/2020,0,60,0,54,0,6
25/04/2020,0,60,0,54,0,6
26/04/2020,1,61,1,55,0,6
27/04/2020,1,62,1,56,0,6
28/04/2020,7,69,7,63,0,6
29/04/2020,0,69,0,63,0,6
30/04/2020,0,69,0,63,0,6
01/05/2020,4,73,4,67,0,6
02/05/2020,11,84,7,74,4,10
03/05/2020,0,84,0,74,0,10
04/05/2020,0,84,0,74,0,10
05/05/2020,1,85,1,75,0,10
06/05/2020,0,85,0,75,0,10
07/05/2020,0,85,0,75,0,10
08/05/2020,6,91,5,80,1,11
09/05/2020,3,94,3,83,0,11
10/05/2020,5,99,5,88,0,11
11/05/2020,0,99,0,88,0,11
12/05/2020,5,104,5,93,0,11
13/05/2020,0,104,0,93,0,11
14/05/2020,1,105,1,94,0,11
15/05/2020,2,107,2,96,0,11
16/05/2020,5,112,3,99,2,13
17/05/2020,1,113,1,100,0,13
18/05/2020,1,114,1,101,0,13
19/05/2020,0,114,0,101,0,13
20/05/2020,2,116,2,103,0,13
21/05/2020,0,116,0,103,0,13
22/05/2020,3,119,3,106,0,13
23/05/2020,0,119,0,106,0,13
24/05/2020,0,119,0,106,0,13
25/05/2020,0,119,0,106,0,13
26/05/2020,2,121,1,107,1,14
27/05/2020,3,124,3,110,0,14
28/05/2020,4,128,4,114,0,14
29/05/2020,0,128,0,114,0,14
30/05/2020,0,128,0,114,0,14
31/05/2020,0,128,0,114,0,14
01/06/2020,0,128,0,114,0,14
02/06/2020,1,129,1,115,0,14
03/06/2020,3,132,3,118,0,14
04/06/2020,0,132,0,118,0,14
05/06/2020,0,132,0,118,0,14
06/06/2020,0,132,0,118,0,14
07/06/2020,5,137,5,123,0,14
08/06/2020,7,144,7,130,0,14
09/06/2020,3,147,3,133,0,14
10/06/2020,0,147,0,133,0,14
11/06/2020,0,147,0,133,0,14
12/06/2020,0,147,0,133,0,14
13/06/2020,5,152,5,138,0,14
14/06/2020,5,157,3,141,2,16
15/06/2020,1,158,0,141,1,17
16/06/2020,4,162,4,145,0,17
17/06/2020,1,163,1,146,0,17
18/06/2020,19,182,19,165,0,17
19/06/2020,18,200,18,183,0,17
20/06/2020,24,224,21,204,3,20
21/06/2020,19,243,17,221,2,22
22/06/2020,4,247,3,224,0,22
23/06/2020,8,255,8,232,0,22
24/06/2020,15,270,15,247,0,22
25/06/2020,8,278,7,254,1,23
26/06/2020,10,288,10,264,0,23
27/06/2020,17,305,15,279,1,24
28/06/2020,19,324,19,298,0,24
29/06/2020,4,328,3,301,1,25
30/06/2020,6,334,4,305,2,27
01/07/2020,8,342,8,313,0,27
02/07/2020,5,347,5,318,0,27
03/07/2020,7,354,7,325,0,27
04/07/2020,15,369,14,339,0,27
05/07/2020,16,385,16,355,0,27
06/07/2020,3,388,3,358,0,27
07/07/2020,26,414,20,378,2,29
08/07/2020,4,418,3,381,0,29
09/07/2020,17,435,13,394,2,31
10/07/2020,78,513,48,442,0,31
11/07/2020,41,554,34,476,3,34
12/07/2020,48,602,11,487,1,35
13/07/2020,2,604,2,489,0,35
14/07/2020,43,647,29,518,1,36
15/07/2020,16,663,4,522,1,37
16/07/2020,51,714,22,544,3,40
17/07/2020,35,749,22,566,3,43
18/07/2020,39,788,16,582,2,45
19/07/2020,46,834,18,600,2,47
20/07/2020,49,883,25,625,0,47
21/07/2020,56,939,17,642,1,48
22/07/2020,189,1128,22,664,17,65
23/07/2020,124,1252,11,675,4,69
24/07/2020,134,1386,28,703,5,74
25/07/2020,127,1513,7,710,8,82
26/07/2020,66,1579,2,712,5,87
27/07/2020,204,1783,9,721,11,98
28/07/2020,61,1844,0,721,2,100
29/07/2020,185,2029,3,724,13,113
30/07/2020,110,2139,4,728,2,115
31/07/2020,203,2342,6,734,6,121
01/08/2020,162,2504,2,736,4,125
02/08/2020,173,2677,0,736,0,125
03/08/2020,0,2677,0,736,0,125
04/08/2020,0,2677,0,736,0,125
