date,total_reported,accum_reported,total_recupered,accum_recupered,total_deceased,accum_deceased
01/03/2020,0,0,0,0,0,0
02/03/2020,0,0,0,0,0,0
03/03/2020,0,0,0,0,0,0
04/03/2020,0,0,0,0,0,0
05/03/2020,0,0,0,0,0,0
06/03/2020,0,0,0,0,0,0
07/03/2020,0,0,0,0,0,0
08/03/2020,0,0,0,0,0,0
09/03/2020,0,0,0,0,0,0
10/03/2020,0,0,0,0,0,0
11/03/2020,0,0,0,0,0,0
12/03/2020,3,3,3,3,0,0
13/03/2020,0,3,0,3,0,0
14/03/2020,4,7,4,7,0,0
15/03/2020,0,7,0,7,0,0
16/03/2020,0,7,0,7,0,0
17/03/2020,1,8,1,8,0,0
18/03/2020,0,8,0,8,0,0
19/03/2020,1,9,1,9,0,0
20/03/2020,0,9,0,9,0,0
21/03/2020,1,10,1,10,0,0
22/03/2020,0,10,0,10,0,0
23/03/2020,1,11,0,10,1,1
24/03/2020,2,13,2,12,0,1
25/03/2020,0,13,0,12,0,1
26/03/2020,0,13,0,12,0,1
27/03/2020,0,13,0,12,0,1
28/03/2020,0,13,0,12,0,1
29/03/2020,2,15,2,14,0,1
30/03/2020,3,18,2,16,1,2
31/03/2020,3,21,3,19,0,2
01/04/2020,6,27,6,25,0,2
02/04/2020,0,27,0,25,0,2
03/04/2020,2,29,2,27,0,2
04/04/2020,2,31,2,29,0,2
05/04/2020,0,31,0,29,0,2
06/04/2020,0,31,0,29,0,2
07/04/2020,0,31,0,29,0,2
08/04/2020,4,35,4,33,0,2
09/04/2020,1,36,1,34,0,2
10/04/2020,2,38,2,36,0,2
11/04/2020,8,46,6,42,2,4
12/04/2020,0,46,0,42,0,4
13/04/2020,3,49,3,45,0,4
14/04/2020,0,49,0,45,0,4
15/04/2020,0,49,0,45,0,4
16/04/2020,4,53,4,49,0,4
17/04/2020,1,54,1,50,0,4
18/04/2020,6,60,6,56,0,4
19/04/2020,0,60,0,56,0,4
20/04/2020,0,60,0,56,0,4
21/04/2020,2,62,2,58,0,4
22/04/2020,0,62,0,58,0,4
23/04/2020,0,62,0,58,0,4
24/04/2020,0,62,0,58,0,4
25/04/2020,1,63,1,59,0,4
26/04/2020,2,65,2,61,0,4
27/04/2020,5,70,5,66,0,4
28/04/2020,7,77,7,73,0,4
29/04/2020,2,79,2,75,0,4
30/04/2020,7,86,6,81,1,5
01/05/2020,5,91,5,86,0,5
02/05/2020,0,91,0,86,0,5
03/05/2020,0,91,0,86,0,5
04/05/2020,0,91,0,86,0,5
05/05/2020,0,91,0,86,0,5
06/05/2020,0,91,0,86,0,5
07/05/2020,1,92,1,87,0,5
08/05/2020,0,92,0,87,0,5
09/05/2020,0,92,0,87,0,5
10/05/2020,7,99,7,94,0,5
11/05/2020,0,99,0,94,0,5
12/05/2020,0,99,0,94,0,5
13/05/2020,1,100,1,95,0,5
14/05/2020,0,100,0,95,0,5
15/05/2020,13,113,13,108,0,5
16/05/2020,0,113,0,108,0,5
17/05/2020,2,115,2,110,0,5
18/05/2020,2,117,2,112,0,5
19/05/2020,0,117,0,112,0,5
20/05/2020,6,123,6,118,0,5
21/05/2020,5,128,5,123,0,5
22/05/2020,3,131,3,126,0,5
23/05/2020,2,133,2,128,0,5
24/05/2020,0,133,0,128,0,5
25/05/2020,3,136,3,131,0,5
26/05/2020,2,138,2,133,0,5
27/05/2020,3,141,3,136,0,5
28/05/2020,0,141,0,136,0,5
29/05/2020,0,141,0,136,0,5
30/05/2020,0,141,0,136,0,5
31/05/2020,2,143,2,138,0,5
01/06/2020,0,143,0,138,0,5
02/06/2020,0,143,0,138,0,5
03/06/2020,0,143,0,138,0,5
04/06/2020,0,143,0,138,0,5
05/06/2020,0,143,0,138,0,5
06/06/2020,0,143,0,138,0,5
07/06/2020,2,145,2,140,0,5
08/06/2020,1,146,1,141,0,5
09/06/2020,1,147,1,142,0,5
10/06/2020,0,147,0,142,0,5
11/06/2020,0,147,0,142,0,5
12/06/2020,0,147,0,142,0,5
13/06/2020,0,147,0,142,0,5
14/06/2020,1,148,1,143,0,5
15/06/2020,1,149,1,144,0,5
16/06/2020,3,152,3,147,0,5
17/06/2020,1,153,0,147,0,5
18/06/2020,2,155,2,149,0,5
19/06/2020,2,157,2,151,0,5
20/06/2020,3,160,3,154,0,5
21/06/2020,8,168,8,162,0,5
22/06/2020,2,170,2,164,0,5
23/06/2020,3,173,3,167,0,5
24/06/2020,1,174,1,168,0,5
25/06/2020,1,175,1,169,0,5
26/06/2020,3,178,3,172,0,5
27/06/2020,0,178,0,172,0,5
28/06/2020,2,180,2,174,0,5
29/06/2020,2,182,2,176,0,5
30/06/2020,7,189,7,183,0,5
01/07/2020,0,189,0,183,0,5
02/07/2020,3,192,2,185,1,6
03/07/2020,3,195,3,188,0,6
04/07/2020,2,197,1,189,0,6
05/07/2020,4,201,4,193,0,6
06/07/2020,1,202,1,194,0,6
07/07/2020,0,202,0,194,0,6
08/07/2020,4,206,4,198,0,6
09/07/2020,6,212,5,203,1,7
10/07/2020,8,220,8,211,0,7
11/07/2020,2,222,2,213,0,7
12/07/2020,3,225,2,215,0,7
13/07/2020,0,225,0,215,0,7
14/07/2020,3,228,3,218,0,7
15/07/2020,4,232,3,221,1,8
16/07/2020,9,241,8,229,0,8
17/07/2020,6,247,6,235,0,8
18/07/2020,6,253,5,240,0,8
19/07/2020,5,258,1,241,0,8
20/07/2020,6,264,5,246,0,8
21/07/2020,12,276,5,251,1,9
22/07/2020,8,284,8,259,0,9
23/07/2020,23,307,8,267,1,10
24/07/2020,13,320,3,270,0,10
25/07/2020,18,338,2,272,0,10
26/07/2020,19,357,5,277,0,10
27/07/2020,10,367,5,282,0,10
28/07/2020,20,387,3,285,1,11
29/07/2020,6,393,2,287,0,11
30/07/2020,52,445,0,287,2,13
31/07/2020,11,456,0,287,0,13
01/08/2020,38,494,1,288,0,13
02/08/2020,10,504,0,288,0,13
03/08/2020,61,565,8,296,0,13
04/08/2020,25,590,0,296,0,13
05/08/2020,38,628,0,296,0,13
06/08/2020,29,657,0,296,2,15
07/08/2020,61,718,0,296,0,15
08/08/2020,0,718,0,296,0,15
