date,total_reported,accum_reported,total_recupered,accum_recupered,total_deceased,accum_deceased
01/03/2020,0,0,0,0,0,0
02/03/2020,0,0,0,0,0,0
03/03/2020,0,0,0,0,0,0
04/03/2020,0,0,0,0,0,0
05/03/2020,0,0,0,0,0,0
06/03/2020,0,0,0,0,0,0
07/03/2020,0,0,0,0,0,0
08/03/2020,0,0,0,0,0,0
09/03/2020,0,0,0,0,0,0
10/03/2020,0,0,0,0,0,0
11/03/2020,0,0,0,0,0,0
12/03/2020,0,0,0,0,0,0
13/03/2020,0,0,0,0,0,0
14/03/2020,0,0,0,0,0,0
15/03/2020,0,0,0,0,0,0
16/03/2020,0,0,0,0,0,0
17/03/2020,0,0,0,0,0,0
18/03/2020,0,0,0,0,0,0
19/03/2020,0,0,0,0,0,0
20/03/2020,0,0,0,0,0,0
21/03/2020,0,0,0,0,0,0
22/03/2020,0,0,0,0,0,0
23/03/2020,0,0,0,0,0,0
24/03/2020,0,0,0,0,0,0
25/03/2020,0,0,0,0,0,0
26/03/2020,0,0,0,0,0,0
27/03/2020,0,0,0,0,0,0
28/03/2020,0,0,0,0,0,0
29/03/2020,0,0,0,0,0,0
30/03/2020,0,0,0,0,0,0
31/03/2020,0,0,0,0,0,0
01/04/2020,0,0,0,0,0,0
02/04/2020,0,0,0,0,0,0
03/04/2020,0,0,0,0,0,0
04/04/2020,0,0,0,0,0,0
05/04/2020,0,0,0,0,0,0
06/04/2020,0,0,0,0,0,0
07/04/2020,0,0,0,0,0,0
08/04/2020,0,0,0,0,0,0
09/04/2020,1,1,1,1,0,0
10/04/2020,1,2,0,1,1,1
11/04/2020,0,2,0,1,0,1
12/04/2020,0,2,0,1,0,1
13/04/2020,1,3,1,2,0,1
14/04/2020,0,3,0,2,0,1
15/04/2020,0,3,0,2,0,1
16/04/2020,0,3,0,2,0,1
17/04/2020,0,3,0,2,0,1
18/04/2020,0,3,0,2,0,1
19/04/2020,0,3,0,2,0,1
20/04/2020,0,3,0,2,0,1
21/04/2020,0,3,0,2,0,1
22/04/2020,0,3,0,2,0,1
23/04/2020,0,3,0,2,0,1
24/04/2020,0,3,0,2,0,1
25/04/2020,0,3,0,2,0,1
26/04/2020,0,3,0,2,0,1
27/04/2020,0,3,0,2,0,1
28/04/2020,0,3,0,2,0,1
29/04/2020,0,3,0,2,0,1
30/04/2020,0,3,0,2,0,1
01/05/2020,0,3,0,2,0,1
02/05/2020,0,3,0,2,0,1
03/05/2020,0,3,0,2,0,1
04/05/2020,0,3,0,2,0,1
05/05/2020,0,3,0,2,0,1
06/05/2020,0,3,0,2,0,1
07/05/2020,0,3,0,2,0,1
08/05/2020,0,3,0,2,0,1
09/05/2020,0,3,0,2,0,1
10/05/2020,1,4,1,3,0,1
11/05/2020,0,4,0,3,0,1
12/05/2020,0,4,0,3,0,1
13/05/2020,0,4,0,3,0,1
14/05/2020,0,4,0,3,0,1
15/05/2020,0,4,0,3,0,1
16/05/2020,1,5,1,4,0,1
17/05/2020,0,5,0,4,0,1
18/05/2020,1,6,1,5,0,1
19/05/2020,0,6,0,5,0,1
20/05/2020,0,6,0,5,0,1
21/05/2020,0,6,0,5,0,1
22/05/2020,2,8,2,7,0,1
23/05/2020,3,11,3,10,0,1
24/05/2020,0,11,0,10,0,1
25/05/2020,0,11,0,10,0,1
26/05/2020,3,14,3,13,0,1
27/05/2020,0,14,0,13,0,1
28/05/2020,7,21,7,20,0,1
29/05/2020,0,21,0,20,0,1
30/05/2020,1,22,1,21,0,1
31/05/2020,0,22,0,21,0,1
01/06/2020,0,22,0,21,0,1
02/06/2020,0,22,0,21,0,1
03/06/2020,0,22,0,21,0,1
04/06/2020,0,22,0,21,0,1
05/06/2020,1,23,1,22,0,1
06/06/2020,1,24,1,23,0,1
07/06/2020,3,27,3,26,0,1
08/06/2020,1,28,1,27,0,1
09/06/2020,0,28,0,27,0,1
10/06/2020,1,29,1,28,0,1
11/06/2020,2,31,2,30,0,1
12/06/2020,4,35,4,34,0,1
13/06/2020,21,56,20,54,1,2
14/06/2020,0,56,0,54,0,2
15/06/2020,6,62,4,58,1,3
16/06/2020,5,67,5,63,0,3
17/06/2020,54,121,54,117,0,3
18/06/2020,25,146,25,142,0,3
19/06/2020,3,149,3,145,0,3
20/06/2020,2,151,2,147,0,3
21/06/2020,59,210,59,206,0,3
22/06/2020,75,285,75,281,0,3
23/06/2020,5,290,1,282,2,5
24/06/2020,21,311,21,303,0,5
25/06/2020,3,314,2,305,0,5
26/06/2020,3,317,3,308,0,5
27/06/2020,14,331,14,322,0,5
28/06/2020,49,380,48,370,0,5
29/06/2020,111,491,111,481,0,5
30/06/2020,5,496,5,486,0,5
01/07/2020,71,567,69,555,2,7
02/07/2020,9,576,7,562,2,9
03/07/2020,42,618,41,603,1,10
04/07/2020,10,628,10,613,0,10
05/07/2020,21,649,21,634,0,10
06/07/2020,26,675,26,660,0,10
07/07/2020,3,678,3,663,0,10
08/07/2020,8,686,8,671,0,10
09/07/2020,95,781,91,762,3,13
10/07/2020,86,867,86,848,0,13
11/07/2020,1,868,1,849,0,13
12/07/2020,23,891,22,871,0,13
13/07/2020,10,901,8,879,0,13
14/07/2020,6,907,6,885,0,13
15/07/2020,11,918,11,896,0,13
16/07/2020,66,984,31,927,0,13
17/07/2020,12,996,12,939,0,13
18/07/2020,30,1026,27,966,0,13
19/07/2020,7,1033,6,972,0,13
20/07/2020,7,1040,6,978,0,13
21/07/2020,17,1057,17,995,0,13
22/07/2020,12,1069,5,1000,0,13
23/07/2020,0,1069,0,1000,0,13
24/07/2020,23,1092,2,1002,0,13
25/07/2020,3,1095,0,1002,0,13
26/07/2020,10,1105,1,1003,0,13
27/07/2020,15,1120,1,1004,0,13
28/07/2020,10,1130,0,1004,1,14
29/07/2020,4,1134,0,1004,1,15
30/07/2020,9,1143,0,1004,0,15
31/07/2020,16,1159,1,1005,1,16
01/08/2020,13,1172,0,1005,0,16
02/08/2020,17,1189,0,1005,1,17
03/08/2020,7,1196,0,1005,1,18
04/08/2020,6,1202,0,1005,0,18
05/08/2020,9,1211,0,1005,0,18
06/08/2020,0,1211,0,1005,0,18
07/08/2020,0,1211,0,1005,0,18
