date,total_reported,accum_reported,total_recupered,accum_recupered,total_deceased,accum_deceased
01/03/2020,0,0,0,0,0,0
02/03/2020,0,0,0,0,0,0
03/03/2020,0,0,0,0,0,0
04/03/2020,0,0,0,0,0,0
05/03/2020,0,0,0,0,0,0
06/03/2020,0,0,0,0,0,0
07/03/2020,0,0,0,0,0,0
08/03/2020,0,0,0,0,0,0
09/03/2020,0,0,0,0,0,0
10/03/2020,0,0,0,0,0,0
11/03/2020,0,0,0,0,0,0
12/03/2020,0,0,0,0,0,0
13/03/2020,0,0,0,0,0,0
14/03/2020,0,0,0,0,0,0
15/03/2020,0,0,0,0,0,0
16/03/2020,0,0,0,0,0,0
17/03/2020,0,0,0,0,0,0
18/03/2020,0,0,0,0,0,0
19/03/2020,0,0,0,0,0,0
20/03/2020,0,0,0,0,0,0
21/03/2020,0,0,0,0,0,0
22/03/2020,0,0,0,0,0,0
23/03/2020,0,0,0,0,0,0
24/03/2020,0,0,0,0,0,0
25/03/2020,0,0,0,0,0,0
26/03/2020,0,0,0,0,0,0
27/03/2020,0,0,0,0,0,0
28/03/2020,1,1,1,1,0,0
29/03/2020,1,2,1,2,0,0
30/03/2020,0,2,0,2,0,0
31/03/2020,0,2,0,2,0,0
01/04/2020,0,2,0,2,0,0
02/04/2020,0,2,0,2,0,0
03/04/2020,0,2,0,2,0,0
04/04/2020,1,3,0,2,1,1
05/04/2020,0,3,0,2,0,1
06/04/2020,0,3,0,2,0,1
07/04/2020,0,3,0,2,0,1
08/04/2020,4,7,3,5,1,2
09/04/2020,0,7,0,5,0,2
10/04/2020,0,7,0,5,0,2
11/04/2020,6,13,6,11,0,2
12/04/2020,0,13,0,11,0,2
13/04/2020,0,13,0,11,0,2
14/04/2020,2,15,2,13,0,2
15/04/2020,0,15,0,13,0,2
16/04/2020,2,17,2,15,0,2
17/04/2020,0,17,0,15,0,2
18/04/2020,1,18,1,16,0,2
19/04/2020,2,20,2,18,0,2
20/04/2020,0,20,0,18,0,2
21/04/2020,0,20,0,18,0,2
22/04/2020,1,21,0,18,1,3
23/04/2020,0,21,0,18,0,3
24/04/2020,1,22,1,19,0,3
25/04/2020,1,23,1,20,0,3
26/04/2020,0,23,0,20,0,3
27/04/2020,0,23,0,20,0,3
28/04/2020,3,26,3,23,0,3
29/04/2020,0,26,0,23,0,3
30/04/2020,0,26,0,23,0,3
01/05/2020,3,29,3,26,0,3
02/05/2020,0,29,0,26,0,3
03/05/2020,0,29,0,26,0,3
04/05/2020,0,29,0,26,0,3
05/05/2020,0,29,0,26,0,3
06/05/2020,1,30,1,27,0,3
07/05/2020,0,30,0,27,0,3
08/05/2020,1,31,1,28,0,3
09/05/2020,0,31,0,28,0,3
10/05/2020,8,39,6,34,1,4
11/05/2020,0,39,0,34,0,4
12/05/2020,3,42,2,36,1,5
13/05/2020,0,42,0,36,0,5
14/05/2020,9,51,7,43,1,6
15/05/2020,11,62,11,54,0,6
16/05/2020,9,71,9,63,0,6
17/05/2020,7,78,6,69,1,7
18/05/2020,0,78,0,69,0,7
19/05/2020,5,83,5,74,0,7
20/05/2020,3,86,3,77,0,7
21/05/2020,0,86,0,77,0,7
22/05/2020,1,87,1,78,0,7
23/05/2020,1,88,1,79,0,7
24/05/2020,3,91,3,82,0,7
25/05/2020,1,92,1,83,0,7
26/05/2020,1,93,0,83,1,8
27/05/2020,3,96,3,86,0,8
28/05/2020,5,101,3,89,2,10
29/05/2020,9,110,9,98,0,10
30/05/2020,10,120,8,106,1,11
31/05/2020,4,124,3,109,0,11
01/06/2020,11,135,11,120,0,11
02/06/2020,0,135,0,120,0,11
03/06/2020,28,163,28,148,0,11
04/06/2020,10,173,8,156,0,11
05/06/2020,22,195,19,175,1,12
06/06/2020,15,210,11,186,3,15
07/06/2020,11,221,8,194,2,17
08/06/2020,5,226,5,199,0,17
09/06/2020,5,231,4,203,1,18
10/06/2020,4,235,2,205,1,19
11/06/2020,7,242,5,210,0,19
12/06/2020,5,247,4,214,0,19
13/06/2020,6,253,6,220,0,19
14/06/2020,24,277,16,236,5,24
15/06/2020,2,279,2,238,0,24
16/06/2020,24,303,24,262,0,24
17/06/2020,6,309,4,266,0,24
18/06/2020,68,377,53,319,6,30
19/06/2020,28,405,25,344,2,32
20/06/2020,16,421,10,354,3,35
21/06/2020,17,438,13,367,4,39
22/06/2020,17,455,13,380,2,41
23/06/2020,9,464,7,387,1,42
24/06/2020,18,482,14,401,2,44
25/06/2020,37,519,30,431,3,47
26/06/2020,24,543,22,453,1,48
27/06/2020,37,580,28,481,5,53
28/06/2020,61,641,36,517,6,59
29/06/2020,102,743,54,571,22,81
30/06/2020,42,785,32,603,2,83
01/07/2020,15,800,11,614,3,86
02/07/2020,93,893,65,679,11,97
03/07/2020,22,915,8,687,10,107
04/07/2020,104,1019,77,764,13,120
05/07/2020,33,1052,25,789,3,123
06/07/2020,50,1102,31,820,8,131
07/07/2020,85,1187,50,870,13,144
08/07/2020,77,1264,29,899,35,179
09/07/2020,168,1432,88,987,46,225
10/07/2020,77,1509,53,1040,11,236
11/07/2020,17,1526,13,1053,1,237
12/07/2020,70,1596,45,1098,16,253
13/07/2020,62,1658,37,1135,16,269
14/07/2020,38,1696,20,1155,11,280
15/07/2020,78,1774,58,1213,12,292
16/07/2020,108,1882,51,1264,29,321
17/07/2020,297,2179,224,1488,38,359
18/07/2020,409,2588,363,1851,34,393
19/07/2020,125,2713,110,1961,9,402
20/07/2020,146,2859,113,2074,20,422
21/07/2020,110,2969,84,2158,21,443
22/07/2020,206,3175,164,2322,20,463
23/07/2020,170,3345,119,2441,15,478
24/07/2020,114,3459,23,2464,35,513
25/07/2020,135,3594,61,2525,28,541
26/07/2020,389,3983,313,2838,23,564
27/07/2020,521,4504,380,3218,66,630
28/07/2020,336,4840,189,3407,40,670
29/07/2020,191,5031,20,3427,23,693
30/07/2020,381,5412,129,3556,15,708
31/07/2020,126,5538,55,3611,5,713
01/08/2020,287,5825,39,3650,14,727
02/08/2020,612,6437,117,3767,40,767
03/08/2020,505,6942,104,3871,27,794
04/08/2020,308,7250,50,3921,11,805
05/08/2020,525,7775,0,3921,4,809
06/08/2020,272,8047,0,3921,2,811
07/08/2020,199,8246,0,3921,1,812
08/08/2020,470,8716,0,3921,8,820
09/08/2020,900,9616,0,3921,0,820
10/08/2020,0,9616,0,3921,0,820
11/08/2020,0,9616,0,3921,0,820
