date,total_reported,accum_reported,total_recupered,accum_recupered,total_deceased,accum_deceased
01/03/2020,0,0,0,0,0,0
02/03/2020,0,0,0,0,0,0
03/03/2020,0,0,0,0,0,0
04/03/2020,0,0,0,0,0,0
05/03/2020,0,0,0,0,0,0
06/03/2020,0,0,0,0,0,0
07/03/2020,0,0,0,0,0,0
08/03/2020,0,0,0,0,0,0
09/03/2020,0,0,0,0,0,0
10/03/2020,0,0,0,0,0,0
11/03/2020,0,0,0,0,0,0
12/03/2020,0,0,0,0,0,0
13/03/2020,0,0,0,0,0,0
14/03/2020,0,0,0,0,0,0
15/03/2020,0,0,0,0,0,0
16/03/2020,0,0,0,0,0,0
17/03/2020,2,2,2,2,0,0
18/03/2020,0,2,0,2,0,0
19/03/2020,0,2,0,2,0,0
20/03/2020,0,2,0,2,0,0
21/03/2020,0,2,0,2,0,0
22/03/2020,0,2,0,2,0,0
23/03/2020,1,3,1,3,0,0
24/03/2020,0,3,0,3,0,0
25/03/2020,0,3,0,3,0,0
26/03/2020,0,3,0,3,0,0
27/03/2020,0,3,0,3,0,0
28/03/2020,0,3,0,3,0,0
29/03/2020,0,3,0,3,0,0
30/03/2020,1,4,1,4,0,0
31/03/2020,2,6,2,6,0,0
01/04/2020,0,6,0,6,0,0
02/04/2020,0,6,0,6,0,0
03/04/2020,0,6,0,6,0,0
04/04/2020,1,7,1,7,0,0
05/04/2020,0,7,0,7,0,0
06/04/2020,0,7,0,7,0,0
07/04/2020,0,7,0,7,0,0
08/04/2020,1,8,1,8,0,0
09/04/2020,0,8,0,8,0,0
10/04/2020,1,9,1,9,0,0
11/04/2020,1,10,1,10,0,0
12/04/2020,1,11,1,11,0,0
13/04/2020,0,11,0,11,0,0
14/04/2020,0,11,0,11,0,0
15/04/2020,1,12,1,12,0,0
16/04/2020,0,12,0,12,0,0
17/04/2020,1,13,1,13,0,0
18/04/2020,0,13,0,13,0,0
19/04/2020,0,13,0,13,0,0
20/04/2020,0,13,0,13,0,0
21/04/2020,1,14,1,14,0,0
22/04/2020,0,14,0,14,0,0
23/04/2020,0,14,0,14,0,0
24/04/2020,1,15,1,15,0,0
25/04/2020,0,15,0,15,0,0
26/04/2020,2,17,2,17,0,0
27/04/2020,0,17,0,17,0,0
28/04/2020,0,17,0,17,0,0
29/04/2020,0,17,0,17,0,0
30/04/2020,0,17,0,17,0,0
01/05/2020,0,17,0,17,0,0
02/05/2020,0,17,0,17,0,0
03/05/2020,0,17,0,17,0,0
04/05/2020,0,17,0,17,0,0
05/05/2020,0,17,0,17,0,0
06/05/2020,0,17,0,17,0,0
07/05/2020,0,17,0,17,0,0
08/05/2020,0,17,0,17,0,0
09/05/2020,0,17,0,17,0,0
10/05/2020,0,17,0,17,0,0
11/05/2020,0,17,0,17,0,0
12/05/2020,2,19,2,19,0,0
13/05/2020,0,19,0,19,0,0
14/05/2020,1,20,1,20,0,0
15/05/2020,0,20,0,20,0,0
16/05/2020,0,20,0,20,0,0
17/05/2020,0,20,0,20,0,0
18/05/2020,0,20,0,20,0,0
19/05/2020,0,20,0,20,0,0
20/05/2020,0,20,0,20,0,0
21/05/2020,1,21,1,21,0,0
22/05/2020,0,21,0,21,0,0
23/05/2020,0,21,0,21,0,0
24/05/2020,0,21,0,21,0,0
25/05/2020,0,21,0,21,0,0
26/05/2020,2,23,2,23,0,0
27/05/2020,1,24,1,24,0,0
28/05/2020,0,24,0,24,0,0
29/05/2020,0,24,0,24,0,0
30/05/2020,1,25,1,25,0,0
31/05/2020,1,26,1,26,0,0
01/06/2020,0,26,0,26,0,0
02/06/2020,1,27,1,27,0,0
03/06/2020,1,28,1,28,0,0
04/06/2020,4,32,4,32,0,0
05/06/2020,1,33,1,33,0,0
06/06/2020,1,34,1,34,0,0
07/06/2020,3,37,3,37,0,0
08/06/2020,3,40,3,40,0,0
09/06/2020,0,40,0,40,0,0
10/06/2020,0,40,0,40,0,0
11/06/2020,3,43,3,43,0,0
12/06/2020,2,45,2,45,0,0
13/06/2020,4,49,4,49,0,0
14/06/2020,1,50,1,50,0,0
15/06/2020,1,51,1,51,0,0
16/06/2020,0,51,0,51,0,0
17/06/2020,1,52,1,52,0,0
18/06/2020,2,54,2,54,0,0
19/06/2020,1,55,1,55,0,0
20/06/2020,3,58,3,58,0,0
21/06/2020,0,58,0,58,0,0
22/06/2020,0,58,0,58,0,0
23/06/2020,1,59,0,58,0,0
24/06/2020,6,65,6,64,0,0
25/06/2020,6,71,6,70,0,0
26/06/2020,1,72,1,71,0,0
27/06/2020,0,72,0,71,0,0
28/06/2020,1,73,1,72,0,0
29/06/2020,2,75,2,74,0,0
30/06/2020,1,76,1,75,0,0
01/07/2020,4,80,4,79,0,0
02/07/2020,8,88,7,86,0,0
03/07/2020,1,89,1,87,0,0
04/07/2020,3,92,3,90,0,0
05/07/2020,0,92,0,90,0,0
06/07/2020,1,93,1,91,0,0
07/07/2020,0,93,0,91,0,0
08/07/2020,0,93,0,91,0,0
09/07/2020,9,102,9,100,0,0
10/07/2020,2,104,2,102,0,0
11/07/2020,3,107,3,105,0,0
12/07/2020,3,110,2,107,0,0
13/07/2020,2,112,2,109,0,0
14/07/2020,1,113,1,110,0,0
15/07/2020,3,116,2,112,0,0
16/07/2020,21,137,18,130,0,0
17/07/2020,5,142,4,134,0,0
18/07/2020,6,148,5,139,0,0
19/07/2020,7,155,7,146,0,0
20/07/2020,12,167,9,155,0,0
21/07/2020,3,170,3,158,0,0
22/07/2020,9,179,4,162,0,0
23/07/2020,7,186,0,162,1,1
24/07/2020,9,195,1,163,0,1
25/07/2020,2,197,1,164,0,1
26/07/2020,5,202,4,168,0,1
27/07/2020,10,212,1,169,0,1
28/07/2020,6,218,1,170,0,1
29/07/2020,3,221,0,170,0,1
30/07/2020,30,251,0,170,1,2
31/07/2020,20,271,0,170,0,2
01/08/2020,15,286,1,171,0,2
02/08/2020,16,302,0,171,0,2
03/08/2020,26,328,1,172,0,2
04/08/2020,9,337,0,172,0,2
05/08/2020,16,353,0,172,0,2
06/08/2020,11,364,0,172,0,2
07/08/2020,0,364,0,172,0,2
08/08/2020,0,364,0,172,0,2
