date,total_reported,accum_reported,total_recupered,accum_recupered,total_deceased,accum_deceased
01/03/2020,0,0,0,0,0,0
02/03/2020,0,0,0,0,0,0
03/03/2020,0,0,0,0,0,0
04/03/2020,0,0,0,0,0,0
05/03/2020,0,0,0,0,0,0
06/03/2020,0,0,0,0,0,0
07/03/2020,0,0,0,0,0,0
08/03/2020,0,0,0,0,0,0
09/03/2020,0,0,0,0,0,0
10/03/2020,0,0,0,0,0,0
11/03/2020,0,0,0,0,0,0
12/03/2020,0,0,0,0,0,0
13/03/2020,0,0,0,0,0,0
14/03/2020,0,0,0,0,0,0
15/03/2020,0,0,0,0,0,0
16/03/2020,0,0,0,0,0,0
17/03/2020,0,0,0,0,0,0
18/03/2020,0,0,0,0,0,0
19/03/2020,0,0,0,0,0,0
20/03/2020,0,0,0,0,0,0
21/03/2020,0,0,0,0,0,0
22/03/2020,0,0,0,0,0,0
23/03/2020,0,0,0,0,0,0
24/03/2020,0,0,0,0,0,0
25/03/2020,0,0,0,0,0,0
26/03/2020,0,0,0,0,0,0
27/03/2020,0,0,0,0,0,0
28/03/2020,0,0,0,0,0,0
29/03/2020,0,0,0,0,0,0
30/03/2020,0,0,0,0,0,0
31/03/2020,0,0,0,0,0,0
01/04/2020,0,0,0,0,0,0
02/04/2020,0,0,0,0,0,0
03/04/2020,0,0,0,0,0,0
04/04/2020,0,0,0,0,0,0
05/04/2020,1,1,1,1,0,0
06/04/2020,1,2,1,2,0,0
07/04/2020,0,2,0,2,0,0
08/04/2020,1,3,1,3,0,0
09/04/2020,1,4,1,4,0,0
10/04/2020,0,4,0,4,0,0
11/04/2020,2,6,2,6,0,0
12/04/2020,1,7,1,7,0,0
13/04/2020,0,7,0,7,0,0
14/04/2020,2,9,2,9,0,0
15/04/2020,1,10,1,10,0,0
16/04/2020,2,12,1,11,1,1
17/04/2020,2,14,2,13,0,1
18/04/2020,3,17,2,15,1,2
19/04/2020,0,17,0,15,0,2
20/04/2020,1,18,1,16,0,2
21/04/2020,2,20,2,18,0,2
22/04/2020,0,20,0,18,0,2
23/04/2020,0,20,0,18,0,2
24/04/2020,2,22,2,20,0,2
25/04/2020,0,22,0,20,0,2
26/04/2020,2,24,2,22,0,2
27/04/2020,0,24,0,22,0,2
28/04/2020,1,25,1,23,0,2
29/04/2020,2,27,2,25,0,2
30/04/2020,2,29,1,26,1,3
01/05/2020,5,34,5,31,0,3
02/05/2020,2,36,2,33,0,3
03/05/2020,0,36,0,33,0,3
04/05/2020,3,39,3,36,0,3
05/05/2020,8,47,8,44,0,3
06/05/2020,1,48,1,45,0,3
07/05/2020,3,51,1,46,1,4
08/05/2020,1,52,1,47,0,4
09/05/2020,4,56,2,49,1,5
10/05/2020,1,57,1,50,0,5
11/05/2020,5,62,4,54,1,6
12/05/2020,17,79,15,69,2,8
13/05/2020,6,85,3,72,1,9
14/05/2020,6,91,5,77,1,10
15/05/2020,2,93,1,78,0,10
16/05/2020,9,102,7,85,2,12
17/05/2020,1,103,1,86,0,12
18/05/2020,23,126,20,106,3,15
19/05/2020,5,131,5,111,0,15
20/05/2020,14,145,9,120,5,20
21/05/2020,10,155,9,129,0,20
22/05/2020,47,202,43,172,4,24
23/05/2020,15,217,15,187,0,24
24/05/2020,15,232,11,198,3,27
25/05/2020,16,248,14,212,2,29
26/05/2020,35,283,32,244,3,32
27/05/2020,36,319,36,280,0,32
28/05/2020,17,336,14,294,2,34
29/05/2020,13,349,12,306,1,35
30/05/2020,124,473,116,422,6,41
31/05/2020,23,496,15,437,7,48
01/06/2020,23,519,22,459,0,48
02/06/2020,27,546,25,484,1,49
03/06/2020,30,576,27,511,3,52
04/06/2020,21,597,13,524,5,57
05/06/2020,84,681,74,598,3,60
06/06/2020,18,699,14,612,3,63
07/06/2020,12,711,11,623,1,64
08/06/2020,55,766,45,668,4,68
09/06/2020,17,783,12,680,2,70
10/06/2020,28,811,21,701,5,75
11/06/2020,38,849,27,728,3,78
12/06/2020,58,907,55,783,2,80
13/06/2020,39,946,30,813,6,86
14/06/2020,25,971,21,834,1,87
15/06/2020,38,1009,33,867,3,90
16/06/2020,70,1079,67,934,1,91
17/06/2020,22,1101,19,953,0,91
18/06/2020,26,1127,21,974,2,93
19/06/2020,34,1161,26,1000,2,95
20/06/2020,21,1182,14,1014,1,96
21/06/2020,55,1237,52,1066,2,98
22/06/2020,21,1258,21,1087,0,98
23/06/2020,29,1287,26,1113,2,100
24/06/2020,43,1330,34,1147,4,104
25/06/2020,14,1344,9,1156,1,105
26/06/2020,16,1360,10,1166,3,108
27/06/2020,18,1378,14,1180,2,110
28/06/2020,30,1408,27,1207,1,111
29/06/2020,1,1409,1,1208,0,111
30/06/2020,33,1442,31,1239,1,112
01/07/2020,55,1497,50,1289,4,116
02/07/2020,28,1525,25,1314,2,118
03/07/2020,11,1536,7,1321,2,120
04/07/2020,33,1569,28,1349,4,124
05/07/2020,14,1583,8,1357,2,126
06/07/2020,3,1586,2,1359,0,126
07/07/2020,21,1607,17,1376,2,128
08/07/2020,33,1640,31,1407,0,128
09/07/2020,34,1674,26,1433,3,131
10/07/2020,26,1700,21,1454,1,132
11/07/2020,9,1709,6,1460,1,133
12/07/2020,3,1712,2,1462,0,133
13/07/2020,9,1721,4,1466,0,133
14/07/2020,50,1771,21,1487,1,134
15/07/2020,17,1788,12,1499,2,136
16/07/2020,19,1807,6,1505,0,136
17/07/2020,27,1834,20,1525,0,136
18/07/2020,8,1842,5,1530,1,137
19/07/2020,7,1849,0,1530,0,137
20/07/2020,9,1858,1,1531,0,137
21/07/2020,68,1926,16,1547,1,138
22/07/2020,11,1937,1,1548,1,139
23/07/2020,35,1972,5,1553,0,139
24/07/2020,13,1985,3,1556,0,139
25/07/2020,14,1999,0,1556,0,139
26/07/2020,35,2034,18,1574,0,139
27/07/2020,3,2037,1,1575,0,139
28/07/2020,32,2069,4,1579,2,141
29/07/2020,15,2084,1,1580,2,143
30/07/2020,11,2095,0,1580,0,143
31/07/2020,6,2101,0,1580,0,143
01/08/2020,14,2115,0,1580,0,143
02/08/2020,0,2115,0,1580,0,143
03/08/2020,0,2115,0,1580,0,143
