date,total_reported,accum_reported,total_recupered,accum_recupered,total_deceased,accum_deceased
01/03/2020,0,0,0,0,0,0
02/03/2020,0,0,0,0,0,0
03/03/2020,0,0,0,0,0,0
04/03/2020,0,0,0,0,0,0
05/03/2020,0,0,0,0,0,0
06/03/2020,0,0,0,0,0,0
07/03/2020,0,0,0,0,0,0
08/03/2020,0,0,0,0,0,0
09/03/2020,0,0,0,0,0,0
10/03/2020,0,0,0,0,0,0
11/03/2020,0,0,0,0,0,0
12/03/2020,0,0,0,0,0,0
13/03/2020,0,0,0,0,0,0
14/03/2020,0,0,0,0,0,0
15/03/2020,0,0,0,0,0,0
16/03/2020,0,0,0,0,0,0
17/03/2020,0,0,0,0,0,0
18/03/2020,0,0,0,0,0,0
19/03/2020,0,0,0,0,0,0
20/03/2020,0,0,0,0,0,0
21/03/2020,0,0,0,0,0,0
22/03/2020,0,0,0,0,0,0
23/03/2020,0,0,0,0,0,0
24/03/2020,0,0,0,0,0,0
25/03/2020,0,0,0,0,0,0
26/03/2020,0,0,0,0,0,0
27/03/2020,0,0,0,0,0,0
28/03/2020,0,0,0,0,0,0
29/03/2020,0,0,0,0,0,0
30/03/2020,1,1,1,1,0,0
31/03/2020,0,1,0,1,0,0
01/04/2020,0,1,0,1,0,0
02/04/2020,0,1,0,1,0,0
03/04/2020,0,1,0,1,0,0
04/04/2020,0,1,0,1,0,0
05/04/2020,0,1,0,1,0,0
06/04/2020,0,1,0,1,0,0
07/04/2020,0,1,0,1,0,0
08/04/2020,0,1,0,1,0,0
09/04/2020,0,1,0,1,0,0
10/04/2020,3,4,3,4,0,0
11/04/2020,2,6,2,6,0,0
12/04/2020,1,7,0,6,1,1
13/04/2020,0,7,0,6,0,1
14/04/2020,0,7,0,6,0,1
15/04/2020,0,7,0,6,0,1
16/04/2020,9,16,9,15,0,1
17/04/2020,1,17,0,15,1,2
18/04/2020,0,17,0,15,0,2
19/04/2020,0,17,0,15,0,2
20/04/2020,2,19,2,17,0,2
21/04/2020,2,21,2,19,0,2
22/04/2020,2,23,2,21,0,2
23/04/2020,3,26,3,24,0,2
24/04/2020,0,26,0,24,0,2
25/04/2020,2,28,1,25,1,3
26/04/2020,0,28,0,25,0,3
27/04/2020,0,28,0,25,0,3
28/04/2020,1,29,0,25,1,4
29/04/2020,4,33,4,29,0,4
30/04/2020,15,48,13,42,2,6
01/05/2020,7,55,6,48,1,7
02/05/2020,4,59,4,52,0,7
03/05/2020,5,64,5,57,0,7
04/05/2020,3,67,2,59,1,8
05/05/2020,2,69,1,60,1,9
06/05/2020,0,69,0,60,0,9
07/05/2020,0,69,0,60,0,9
08/05/2020,4,73,4,64,0,9
09/05/2020,0,73,0,64,0,9
10/05/2020,5,78,5,69,0,9
11/05/2020,12,90,12,81,0,9
12/05/2020,19,109,17,98,2,11
13/05/2020,8,117,8,106,0,11
14/05/2020,17,134,13,119,4,15
15/05/2020,17,151,17,136,0,15
16/05/2020,12,163,11,147,1,16
17/05/2020,5,168,4,151,1,17
18/05/2020,25,193,24,175,1,18
19/05/2020,4,197,4,179,0,18
20/05/2020,1,198,1,180,0,18
21/05/2020,12,210,11,191,1,19
22/05/2020,8,218,7,198,1,20
23/05/2020,2,220,2,200,0,20
24/05/2020,3,223,2,202,1,21
25/05/2020,6,229,6,208,0,21
26/05/2020,8,237,7,215,1,22
27/05/2020,9,246,8,223,1,23
28/05/2020,2,248,1,224,1,24
29/05/2020,10,258,10,234,0,24
30/05/2020,10,268,8,242,2,26
31/05/2020,4,272,4,246,0,26
01/06/2020,10,282,8,254,2,28
02/06/2020,8,290,7,261,1,29
03/06/2020,28,318,25,286,2,31
04/06/2020,6,324,6,292,0,31
05/06/2020,8,332,7,299,1,32
06/06/2020,1,333,1,300,0,32
07/06/2020,1,334,1,301,0,32
08/06/2020,13,347,12,313,1,33
09/06/2020,11,358,9,322,1,34
10/06/2020,12,370,8,330,2,36
11/06/2020,14,384,9,339,3,39
12/06/2020,11,395,10,349,1,40
13/06/2020,43,438,33,382,6,46
14/06/2020,18,456,13,395,5,51
15/06/2020,18,474,17,412,0,51
16/06/2020,6,480,5,417,1,52
17/06/2020,9,489,6,423,1,53
18/06/2020,57,546,38,461,13,66
19/06/2020,10,556,6,467,4,70
20/06/2020,25,581,20,487,3,73
21/06/2020,25,606,22,509,3,76
22/06/2020,9,615,7,516,0,76
23/06/2020,4,619,4,520,0,76
24/06/2020,17,636,14,534,1,77
25/06/2020,58,694,46,580,6,83
26/06/2020,17,711,17,597,0,83
27/06/2020,35,746,29,626,3,86
28/06/2020,55,801,50,676,2,88
29/06/2020,8,809,6,682,2,90
30/06/2020,38,847,29,711,4,94
01/07/2020,15,862,13,724,1,95
02/07/2020,33,895,23,747,7,102
03/07/2020,7,902,4,751,2,104
04/07/2020,18,920,17,768,1,105
05/07/2020,20,940,14,782,2,107
06/07/2020,13,953,13,795,0,107
07/07/2020,35,988,29,824,4,111
08/07/2020,11,999,9,833,2,113
09/07/2020,88,1087,55,888,21,134
10/07/2020,45,1132,43,931,2,136
11/07/2020,51,1183,50,981,1,137
12/07/2020,6,1189,4,985,2,139
13/07/2020,17,1206,17,1002,0,139
14/07/2020,38,1244,34,1036,3,142
15/07/2020,18,1262,13,1049,4,146
16/07/2020,69,1331,57,1106,6,152
17/07/2020,69,1400,58,1164,7,159
18/07/2020,94,1494,53,1217,18,177
19/07/2020,73,1567,54,1271,8,185
20/07/2020,62,1629,57,1328,0,185
21/07/2020,38,1667,32,1360,0,185
22/07/2020,44,1711,26,1386,3,188
23/07/2020,93,1804,48,1434,7,195
24/07/2020,30,1834,7,1441,8,203
25/07/2020,53,1887,34,1475,3,206
26/07/2020,47,1934,41,1516,1,207
27/07/2020,34,1968,24,1540,4,211
28/07/2020,80,2048,34,1574,4,215
29/07/2020,28,2076,14,1588,0,215
30/07/2020,58,2134,21,1609,3,218
31/07/2020,29,2163,4,1613,4,222
01/08/2020,64,2227,1,1614,2,224
02/08/2020,43,2270,5,1619,2,226
03/08/2020,84,2354,21,1640,3,229
04/08/2020,50,2404,0,1640,0,229
05/08/2020,48,2452,0,1640,3,232
06/08/2020,29,2481,0,1640,2,234
07/08/2020,69,2550,0,1640,2,236
08/08/2020,43,2593,0,1640,1,237
09/08/2020,39,2632,0,1640,0,237
10/08/2020,0,2632,0,1640,0,237
