date,total_reported,accum_reported,total_recupered,accum_recupered,total_deceased,accum_deceased
01/03/2020,0,0,0,0,0,0
02/03/2020,0,0,0,0,0,0
03/03/2020,0,0,0,0,0,0
04/03/2020,0,0,0,0,0,0
05/03/2020,0,0,0,0,0,0
06/03/2020,0,0,0,0,0,0
07/03/2020,0,0,0,0,0,0
08/03/2020,0,0,0,0,0,0
09/03/2020,0,0,0,0,0,0
10/03/2020,0,0,0,0,0,0
11/03/2020,0,0,0,0,0,0
12/03/2020,0,0,0,0,0,0
13/03/2020,0,0,0,0,0,0
14/03/2020,0,0,0,0,0,0
15/03/2020,0,0,0,0,0,0
16/03/2020,0,0,0,0,0,0
17/03/2020,0,0,0,0,0,0
18/03/2020,0,0,0,0,0,0
19/03/2020,0,0,0,0,0,0
20/03/2020,0,0,0,0,0,0
21/03/2020,1,1,1,1,0,0
22/03/2020,1,2,1,2,0,0
23/03/2020,0,2,0,2,0,0
24/03/2020,0,2,0,2,0,0
25/03/2020,1,3,1,3,0,0
26/03/2020,0,3,0,3,0,0
27/03/2020,0,3,0,3,0,0
28/03/2020,0,3,0,3,0,0
29/03/2020,3,6,3,6,0,0
30/03/2020,0,6,0,6,0,0
31/03/2020,0,6,0,6,0,0
01/04/2020,2,8,2,8,0,0
02/04/2020,2,10,2,10,0,0
03/04/2020,0,10,0,10,0,0
04/04/2020,0,10,0,10,0,0
05/04/2020,3,13,3,13,0,0
06/04/2020,1,14,1,14,0,0
07/04/2020,0,14,0,14,0,0
08/04/2020,4,18,4,18,0,0
09/04/2020,0,18,0,18,0,0
10/04/2020,0,18,0,18,0,0
11/04/2020,1,19,1,19,0,0
12/04/2020,0,19,0,19,0,0
13/04/2020,1,20,1,20,0,0
14/04/2020,3,23,3,23,0,0
15/04/2020,0,23,0,23,0,0
16/04/2020,1,24,1,24,0,0
17/04/2020,7,31,7,31,0,0
18/04/2020,0,31,0,31,0,0
19/04/2020,2,33,1,32,1,1
20/04/2020,4,37,4,36,0,1
21/04/2020,0,37,0,36,0,1
22/04/2020,5,42,5,41,0,1
23/04/2020,2,44,2,43,0,1
24/04/2020,0,44,0,43,0,1
25/04/2020,1,45,1,44,0,1
26/04/2020,0,45,0,44,0,1
27/04/2020,0,45,0,44,0,1
28/04/2020,0,45,0,44,0,1
29/04/2020,1,46,1,45,0,1
30/04/2020,0,46,0,45,0,1
01/05/2020,0,46,0,45,0,1
02/05/2020,1,47,1,46,0,1
03/05/2020,1,48,1,47,0,1
04/05/2020,0,48,0,47,0,1
05/05/2020,0,48,0,47,0,1
06/05/2020,0,48,0,47,0,1
07/05/2020,0,48,0,47,0,1
08/05/2020,1,49,1,48,0,1
09/05/2020,0,49,0,48,0,1
10/05/2020,0,49,0,48,0,1
11/05/2020,0,49,0,48,0,1
12/05/2020,0,49,0,48,0,1
13/05/2020,0,49,0,48,0,1
14/05/2020,0,49,0,48,0,1
15/05/2020,0,49,0,48,0,1
16/05/2020,0,49,0,48,0,1
17/05/2020,0,49,0,48,0,1
18/05/2020,0,49,0,48,0,1
19/05/2020,0,49,0,48,0,1
20/05/2020,0,49,0,48,0,1
21/05/2020,0,49,0,48,0,1
22/05/2020,0,49,0,48,0,1
23/05/2020,2,51,2,50,0,1
24/05/2020,0,51,0,50,0,1
25/05/2020,2,53,2,52,0,1
26/05/2020,1,54,1,53,0,1
27/05/2020,2,56,2,55,0,1
28/05/2020,7,63,6,61,0,1
29/05/2020,4,67,4,65,0,1
30/05/2020,4,71,4,69,0,1
31/05/2020,15,86,15,84,0,1
01/06/2020,1,87,1,85,0,1
02/06/2020,2,89,2,87,0,1
03/06/2020,4,93,4,91,0,1
04/06/2020,4,97,4,95,0,1
05/06/2020,9,106,7,102,1,2
06/06/2020,4,110,3,105,0,2
07/06/2020,7,117,6,111,1,3
08/06/2020,9,126,8,119,0,3
09/06/2020,9,135,8,127,0,3
10/06/2020,2,137,2,129,0,3
11/06/2020,3,140,3,132,0,3
12/06/2020,4,144,4,136,0,3
13/06/2020,6,150,4,140,1,4
14/06/2020,4,154,3,143,0,4
15/06/2020,15,169,12,155,1,5
16/06/2020,4,173,4,159,0,5
17/06/2020,4,177,3,162,0,5
18/06/2020,6,183,6,168,0,5
19/06/2020,12,195,11,179,0,5
20/06/2020,7,202,6,185,0,5
21/06/2020,8,210,8,193,0,5
22/06/2020,8,218,8,201,0,5
23/06/2020,6,224,6,207,0,5
24/06/2020,11,235,11,218,0,5
25/06/2020,21,256,18,236,0,5
26/06/2020,7,263,7,243,0,5
27/06/2020,13,276,11,254,1,6
28/06/2020,12,288,12,266,0,6
29/06/2020,12,300,12,278,0,6
30/06/2020,15,315,15,293,0,6
01/07/2020,33,348,29,322,1,7
02/07/2020,21,369,19,341,0,7
03/07/2020,13,382,13,354,0,7
04/07/2020,26,408,25,379,0,7
05/07/2020,20,428,16,395,1,8
06/07/2020,14,442,14,409,0,8
07/07/2020,22,464,22,431,0,8
08/07/2020,36,500,35,466,1,9
09/07/2020,53,553,49,515,3,12
10/07/2020,40,593,36,551,1,13
11/07/2020,24,617,22,573,0,13
12/07/2020,22,639,22,595,0,13
13/07/2020,14,653,12,607,0,13
14/07/2020,80,733,73,680,2,15
15/07/2020,45,778,41,721,0,15
16/07/2020,102,880,82,803,3,18
17/07/2020,67,947,60,863,3,21
18/07/2020,118,1065,104,967,2,23
19/07/2020,59,1124,49,1016,1,24
20/07/2020,101,1225,83,1099,2,26
21/07/2020,167,1392,132,1231,5,31
22/07/2020,78,1470,43,1274,4,35
23/07/2020,57,1527,25,1299,2,37
24/07/2020,96,1623,40,1339,3,40
25/07/2020,79,1702,27,1366,0,40
26/07/2020,79,1781,25,1391,2,42
27/07/2020,143,1924,62,1453,3,45
28/07/2020,103,2027,33,1486,0,45
29/07/2020,152,2179,35,1521,6,51
30/07/2020,191,2370,42,1563,2,53
31/07/2020,194,2564,21,1584,4,57
01/08/2020,257,2821,55,1639,4,61
02/08/2020,197,3018,25,1664,4,65
03/08/2020,262,3280,11,1675,7,72
04/08/2020,78,3358,3,1678,0,72
05/08/2020,120,3478,0,1678,3,75
06/08/2020,119,3597,0,1678,1,76
07/08/2020,178,3775,0,1678,0,76
08/08/2020,132,3907,0,1678,1,77
09/08/2020,145,4052,0,1678,0,77
10/08/2020,0,4052,0,1678,0,77
11/08/2020,0,4052,0,1678,0,77
