date,total_reported,accum_reported,total_recupered,accum_recupered,total_deceased,accum_deceased
01/03/2020,0,0,0,0,0,0
02/03/2020,0,0,0,0,0,0
03/03/2020,0,0,0,0,0,0
04/03/2020,0,0,0,0,0,0
05/03/2020,0,0,0,0,0,0
06/03/2020,0,0,0,0,0,0
07/03/2020,0,0,0,0,0,0
08/03/2020,0,0,0,0,0,0
09/03/2020,0,0,0,0,0,0
10/03/2020,0,0,0,0,0,0
11/03/2020,0,0,0,0,0,0
12/03/2020,0,0,0,0,0,0
13/03/2020,0,0,0,0,0,0
14/03/2020,0,0,0,0,0,0
15/03/2020,0,0,0,0,0,0
16/03/2020,0,0,0,0,0,0
17/03/2020,0,0,0,0,0,0
18/03/2020,0,0,0,0,0,0
19/03/2020,0,0,0,0,0,0
20/03/2020,2,2,2,2,0,0
21/03/2020,0,2,0,2,0,0
22/03/2020,0,2,0,2,0,0
23/03/2020,2,4,2,4,0,0
24/03/2020,0,4,0,4,0,0
25/03/2020,0,4,0,4,0,0
26/03/2020,0,4,0,4,0,0
27/03/2020,0,4,0,4,0,0
28/03/2020,0,4,0,4,0,0
29/03/2020,5,9,5,9,0,0
30/03/2020,1,10,1,10,0,0
31/03/2020,0,10,0,10,0,0
01/04/2020,2,12,2,12,0,0
02/04/2020,2,14,2,14,0,0
03/04/2020,2,16,2,16,0,0
04/04/2020,0,16,0,16,0,0
05/04/2020,2,18,2,18,0,0
06/04/2020,0,18,0,18,0,0
07/04/2020,0,18,0,18,0,0
08/04/2020,2,20,2,20,0,0
09/04/2020,1,21,1,21,0,0
10/04/2020,1,22,1,22,0,0
11/04/2020,0,22,0,22,0,0
12/04/2020,1,23,1,23,0,0
13/04/2020,0,23,0,23,0,0
14/04/2020,1,24,1,24,0,0
15/04/2020,1,25,1,25,0,0
16/04/2020,0,25,0,25,0,0
17/04/2020,0,25,0,25,0,0
18/04/2020,0,25,0,25,0,0
19/04/2020,0,25,0,25,0,0
20/04/2020,0,25,0,25,0,0
21/04/2020,0,25,0,25,0,0
22/04/2020,0,25,0,25,0,0
23/04/2020,1,26,1,26,0,0
24/04/2020,0,26,0,26,0,0
25/04/2020,0,26,0,26,0,0
26/04/2020,0,26,0,26,0,0
27/04/2020,0,26,0,26,0,0
28/04/2020,0,26,0,26,0,0
29/04/2020,0,26,0,26,0,0
30/04/2020,0,26,0,26,0,0
01/05/2020,0,26,0,26,0,0
02/05/2020,0,26,0,26,0,0
03/05/2020,0,26,0,26,0,0
04/05/2020,0,26,0,26,0,0
05/05/2020,0,26,0,26,0,0
06/05/2020,0,26,0,26,0,0
07/05/2020,0,26,0,26,0,0
08/05/2020,0,26,0,26,0,0
09/05/2020,0,26,0,26,0,0
10/05/2020,0,26,0,26,0,0
11/05/2020,0,26,0,26,0,0
12/05/2020,0,26,0,26,0,0
13/05/2020,0,26,0,26,0,0
14/05/2020,0,26,0,26,0,0
15/05/2020,0,26,0,26,0,0
16/05/2020,0,26,0,26,0,0
17/05/2020,0,26,0,26,0,0
18/05/2020,0,26,0,26,0,0
19/05/2020,0,26,0,26,0,0
20/05/2020,1,27,1,27,0,0
21/05/2020,0,27,0,27,0,0
22/05/2020,0,27,0,27,0,0
23/05/2020,1,28,1,28,0,0
24/05/2020,0,28,0,28,0,0
25/05/2020,0,28,0,28,0,0
26/05/2020,1,29,1,29,0,0
27/05/2020,0,29,0,29,0,0
28/05/2020,0,29,0,29,0,0
29/05/2020,0,29,0,29,0,0
30/05/2020,0,29,0,29,0,0
31/05/2020,2,31,2,31,0,0
01/06/2020,0,31,0,31,0,0
02/06/2020,0,31,0,31,0,0
03/06/2020,1,32,1,32,0,0
04/06/2020,1,33,1,33,0,0
05/06/2020,1,34,1,34,0,0
06/06/2020,0,34,0,34,0,0
07/06/2020,3,37,3,37,0,0
08/06/2020,2,39,2,39,0,0
09/06/2020,1,40,1,40,0,0
10/06/2020,2,42,2,42,0,0
11/06/2020,0,42,0,42,0,0
12/06/2020,0,42,0,42,0,0
13/06/2020,2,44,2,44,0,0
14/06/2020,1,45,1,45,0,0
15/06/2020,5,50,5,50,0,0
16/06/2020,2,52,1,51,0,0
17/06/2020,0,52,0,51,0,0
18/06/2020,1,53,1,52,0,0
19/06/2020,4,57,4,56,0,0
20/06/2020,4,61,3,59,0,0
21/06/2020,2,63,2,61,0,0
22/06/2020,2,65,2,63,0,0
23/06/2020,0,65,0,63,0,0
24/06/2020,3,68,3,66,0,0
25/06/2020,4,72,4,70,0,0
26/06/2020,4,76,4,74,0,0
27/06/2020,3,79,3,77,0,0
28/06/2020,0,79,0,77,0,0
29/06/2020,5,84,5,82,0,0
30/06/2020,6,90,6,88,0,0
01/07/2020,7,97,5,93,0,0
02/07/2020,7,104,3,96,0,0
03/07/2020,3,107,2,98,0,0
04/07/2020,12,119,1,99,0,0
05/07/2020,5,124,0,99,0,0
06/07/2020,4,128,0,99,0,0
07/07/2020,9,137,0,99,0,0
08/07/2020,9,146,0,99,1,1
09/07/2020,12,158,0,99,0,1
10/07/2020,24,182,5,104,0,1
11/07/2020,10,192,1,105,0,1
12/07/2020,9,201,1,106,0,1
13/07/2020,15,216,2,108,0,1
14/07/2020,36,252,1,109,1,2
15/07/2020,27,279,2,111,0,2
16/07/2020,18,297,1,112,0,2
17/07/2020,31,328,2,114,0,2
18/07/2020,50,378,1,115,2,4
19/07/2020,23,401,0,115,1,5
20/07/2020,52,453,0,115,0,5
21/07/2020,63,516,3,118,0,5
22/07/2020,23,539,0,118,0,5
23/07/2020,42,581,0,118,0,5
24/07/2020,0,581,0,118,0,5
