date,total_reported,accum_reported,total_recupered,accum_recupered,total_deceased,accum_deceased
01/03/2020,0,0,0,0,0,0
02/03/2020,0,0,0,0,0,0
03/03/2020,0,0,0,0,0,0
04/03/2020,0,0,0,0,0,0
05/03/2020,0,0,0,0,0,0
06/03/2020,0,0,0,0,0,0
07/03/2020,0,0,0,0,0,0
08/03/2020,0,0,0,0,0,0
09/03/2020,0,0,0,0,0,0
10/03/2020,0,0,0,0,0,0
11/03/2020,1,1,1,1,0,0
12/03/2020,0,1,0,1,0,0
13/03/2020,0,1,0,1,0,0
14/03/2020,0,1,0,1,0,0
15/03/2020,2,3,2,3,0,0
16/03/2020,2,5,1,4,1,1
17/03/2020,1,6,1,5,0,1
18/03/2020,3,9,3,8,0,1
19/03/2020,1,10,1,9,0,1
20/03/2020,1,11,1,10,0,1
21/03/2020,4,15,4,14,0,1
22/03/2020,0,15,0,14,0,1
23/03/2020,1,16,1,15,0,1
24/03/2020,5,21,5,20,0,1
25/03/2020,5,26,5,25,0,1
26/03/2020,0,26,0,25,0,1
27/03/2020,0,26,0,25,0,1
28/03/2020,1,27,1,26,0,1
29/03/2020,7,34,6,32,1,2
30/03/2020,3,37,1,33,1,3
31/03/2020,2,39,2,35,0,3
01/04/2020,0,39,0,35,0,3
02/04/2020,0,39,0,35,0,3
03/04/2020,3,42,3,38,0,3
04/04/2020,0,42,0,38,0,3
05/04/2020,0,42,0,38,0,3
06/04/2020,11,53,10,48,1,4
07/04/2020,3,56,1,49,2,6
08/04/2020,9,65,9,58,0,6
09/04/2020,14,79,10,68,4,10
10/04/2020,21,100,20,88,1,11
11/04/2020,8,108,7,95,1,12
12/04/2020,6,114,6,101,0,12
13/04/2020,10,124,10,111,0,12
14/04/2020,10,134,7,118,2,14
15/04/2020,14,148,12,130,2,16
16/04/2020,8,156,7,137,1,17
17/04/2020,5,161,4,141,0,17
18/04/2020,10,171,9,150,0,17
19/04/2020,1,172,1,151,0,17
20/04/2020,9,181,9,160,0,17
21/04/2020,3,184,1,161,2,19
22/04/2020,0,184,0,161,0,19
23/04/2020,4,188,2,163,1,20
24/04/2020,11,199,9,172,1,21
25/04/2020,6,205,3,175,2,23
26/04/2020,14,219,13,188,1,24
27/04/2020,3,222,3,191,0,24
28/04/2020,13,235,13,204,0,24
29/04/2020,10,245,4,208,3,27
30/04/2020,25,270,24,232,1,28
01/05/2020,14,284,11,243,1,29
02/05/2020,25,309,17,260,4,33
03/05/2020,17,326,15,275,2,35
04/05/2020,18,344,14,289,2,37
05/05/2020,31,375,25,314,3,40
06/05/2020,24,399,21,335,3,43
07/05/2020,5,404,4,339,0,43
08/05/2020,92,496,78,417,11,54
09/05/2020,45,541,41,458,2,56
10/05/2020,92,633,83,541,8,64
11/05/2020,56,689,49,590,6,70
12/05/2020,84,773,78,668,5,75
13/05/2020,108,881,99,767,9,84
14/05/2020,107,988,102,869,4,88
15/05/2020,89,1077,82,951,7,95
16/05/2020,125,1202,116,1067,7,102
17/05/2020,57,1259,57,1124,0,102
18/05/2020,131,1390,122,1246,6,108
19/05/2020,75,1465,67,1313,8,116
20/05/2020,86,1551,77,1390,8,124
21/05/2020,123,1674,112,1502,8,132
22/05/2020,45,1719,42,1544,3,135
23/05/2020,166,1885,159,1703,7,142
24/05/2020,232,2117,223,1926,9,151
25/05/2020,32,2149,32,1958,0,151
26/05/2020,74,2223,72,2030,2,153
27/05/2020,120,2343,117,2147,3,156
28/05/2020,132,2475,126,2273,3,159
29/05/2020,176,2651,172,2445,4,163
30/05/2020,178,2829,167,2612,10,173
31/05/2020,146,2975,139,2751,6,179
01/06/2020,74,3049,73,2824,1,180
02/06/2020,84,3133,74,2898,8,188
03/06/2020,193,3326,184,3082,8,196
04/06/2020,142,3468,140,3222,2,198
05/06/2020,134,3602,134,3356,0,198
06/06/2020,98,3700,90,3446,5,203
07/06/2020,140,3840,138,3584,2,205
08/06/2020,86,3926,80,3664,6,211
09/06/2020,128,4054,116,3780,7,218
10/06/2020,117,4171,114,3894,2,220
11/06/2020,132,4303,117,4011,8,228
12/06/2020,120,4423,109,4120,4,232
13/06/2020,141,4564,132,4252,3,235
14/06/2020,213,4777,199,4451,9,244
15/06/2020,82,4859,73,4524,8,252
16/06/2020,140,4999,128,4652,3,255
17/06/2020,117,5116,108,4760,8,263
18/06/2020,234,5350,211,4971,15,278
19/06/2020,361,5711,329,5300,17,295
20/06/2020,217,5928,201,5501,8,303
21/06/2020,240,6168,218,5719,11,314
22/06/2020,269,6437,266,5985,1,315
23/06/2020,159,6596,156,6141,2,317
24/06/2020,183,6779,165,6306,9,326
25/06/2020,334,7113,313,6619,11,337
26/06/2020,240,7353,229,6848,6,343
27/06/2020,313,7666,283,7131,19,362
28/06/2020,215,7881,201,7332,6,368
29/06/2020,125,8006,114,7446,5,373
30/06/2020,165,8171,163,7609,2,375
01/07/2020,218,8389,209,7818,5,380
02/07/2020,220,8609,211,8029,7,387
03/07/2020,211,8820,205,8234,2,389
04/07/2020,247,9067,240,8474,4,393
05/07/2020,329,9396,325,8799,4,397
06/07/2020,200,9596,193,8992,4,401
07/07/2020,205,9801,201,9193,4,405
08/07/2020,255,10056,248,9441,0,405
09/07/2020,196,10252,195,9636,1,406
10/07/2020,232,10484,219,9855,4,410
11/07/2020,141,10625,136,9991,3,413
12/07/2020,251,10876,242,10233,0,413
13/07/2020,123,10999,115,10348,2,415
14/07/2020,214,11213,199,10547,3,418
15/07/2020,210,11423,187,10734,12,430
16/07/2020,683,12106,628,11362,12,442
17/07/2020,440,12546,415,11777,5,447
18/07/2020,516,13062,498,12275,2,449
19/07/2020,183,13245,170,12445,2,451
20/07/2020,214,13459,168,12613,3,454
21/07/2020,250,13709,182,12795,4,458
22/07/2020,160,13869,67,12862,3,461
23/07/2020,152,14021,51,12913,2,463
24/07/2020,114,14135,48,12961,1,464
25/07/2020,130,14265,25,12986,2,466
26/07/2020,339,14604,236,13222,4,470
27/07/2020,109,14713,3,13225,2,472
28/07/2020,321,15034,44,13269,2,474
29/07/2020,182,15216,26,13295,3,477
30/07/2020,209,15425,44,13339,0,477
31/07/2020,198,15623,17,13356,0,477
01/08/2020,318,15941,0,13356,0,477
02/08/2020,235,16176,7,13363,0,477
03/08/2020,184,16360,23,13386,0,477
04/08/2020,70,16430,0,13386,1,478
05/08/2020,211,16641,0,13386,1,479
06/08/2020,66,16707,0,13386,0,479
07/08/2020,0,16707,0,13386,0,479
08/08/2020,0,16707,0,13386,0,479
