date,total_reported,accum_reported,total_recupered,accum_recupered,total_deceased,accum_deceased
01/03/2020,0,0,0,0,0,0
02/03/2020,0,0,0,0,0,0
03/03/2020,0,0,0,0,0,0
04/03/2020,0,0,0,0,0,0
05/03/2020,0,0,0,0,0,0
06/03/2020,0,0,0,0,0,0
07/03/2020,0,0,0,0,0,0
08/03/2020,0,0,0,0,0,0
09/03/2020,0,0,0,0,0,0
10/03/2020,0,0,0,0,0,0
11/03/2020,0,0,0,0,0,0
12/03/2020,3,3,3,3,0,0
13/03/2020,0,3,0,3,0,0
14/03/2020,4,7,4,7,0,0
15/03/2020,0,7,0,7,0,0
16/03/2020,0,7,0,7,0,0
17/03/2020,1,8,1,8,0,0
18/03/2020,0,8,0,8,0,0
19/03/2020,1,9,1,9,0,0
20/03/2020,0,9,0,9,0,0
21/03/2020,1,10,1,10,0,0
22/03/2020,0,10,0,10,0,0
23/03/2020,1,11,0,10,1,1
24/03/2020,3,14,3,13,0,1
25/03/2020,0,14,0,13,0,1
26/03/2020,0,14,0,13,0,1
27/03/2020,0,14,0,13,0,1
28/03/2020,0,14,0,13,0,1
29/03/2020,2,16,2,15,0,1
30/03/2020,5,21,4,19,1,2
31/03/2020,3,24,3,22,0,2
01/04/2020,6,30,6,28,0,2
02/04/2020,0,30,0,28,0,2
03/04/2020,2,32,2,30,0,2
04/04/2020,2,34,2,32,0,2
05/04/2020,0,34,0,32,0,2
06/04/2020,0,34,0,32,0,2
07/04/2020,0,34,0,32,0,2
08/04/2020,4,38,4,36,0,2
09/04/2020,1,39,1,37,0,2
10/04/2020,2,41,2,39,0,2
11/04/2020,11,52,9,48,2,4
12/04/2020,0,52,0,48,0,4
13/04/2020,3,55,3,51,0,4
14/04/2020,0,55,0,51,0,4
15/04/2020,0,55,0,51,0,4
16/04/2020,5,60,5,56,0,4
17/04/2020,2,62,2,58,0,4
18/04/2020,16,78,14,72,2,6
19/04/2020,0,78,0,72,0,6
20/04/2020,1,79,1,73,0,6
21/04/2020,2,81,2,75,0,6
22/04/2020,0,81,0,75,0,6
23/04/2020,0,81,0,75,0,6
24/04/2020,1,82,1,76,0,6
25/04/2020,2,84,1,77,0,6
26/04/2020,3,87,3,80,0,6
27/04/2020,5,92,5,85,0,6
28/04/2020,9,101,9,94,0,6
29/04/2020,3,104,3,97,0,6
30/04/2020,16,120,14,111,1,7
01/05/2020,13,133,13,124,0,7
02/05/2020,0,133,0,124,0,7
03/05/2020,0,133,0,124,0,7
04/05/2020,1,134,1,125,0,7
05/05/2020,3,137,2,127,0,7
06/05/2020,0,137,0,127,0,7
07/05/2020,10,147,10,137,0,7
08/05/2020,0,147,0,137,0,7
09/05/2020,0,147,0,137,0,7
10/05/2020,31,178,30,167,1,8
11/05/2020,1,179,1,168,0,8
12/05/2020,6,185,6,174,0,8
13/05/2020,1,186,1,175,0,8
14/05/2020,0,186,0,175,0,8
15/05/2020,20,206,19,194,0,8
16/05/2020,1,207,1,195,0,8
17/05/2020,2,209,2,197,0,8
18/05/2020,3,212,3,200,0,8
19/05/2020,0,212,0,200,0,8
20/05/2020,7,219,7,207,0,8
21/05/2020,8,227,7,214,1,9
22/05/2020,4,231,4,218,0,9
23/05/2020,2,233,2,220,0,9
24/05/2020,0,233,0,220,0,9
25/05/2020,4,237,4,224,0,9
26/05/2020,2,239,2,226,0,9
27/05/2020,5,244,5,231,0,9
28/05/2020,3,247,3,234,0,9
29/05/2020,0,247,0,234,0,9
30/05/2020,0,247,0,234,0,9
31/05/2020,2,249,2,236,0,9
01/06/2020,2,251,2,238,0,9
02/06/2020,0,251,0,238,0,9
03/06/2020,1,252,1,239,0,9
04/06/2020,0,252,0,239,0,9
05/06/2020,1,253,1,240,0,9
06/06/2020,0,253,0,240,0,9
07/06/2020,2,255,2,242,0,9
08/06/2020,2,257,1,243,0,9
09/06/2020,2,259,2,245,0,9
10/06/2020,0,259,0,245,0,9
11/06/2020,7,266,7,252,0,9
12/06/2020,0,266,0,252,0,9
13/06/2020,3,269,3,255,0,9
14/06/2020,2,271,2,257,0,9
15/06/2020,2,273,2,259,0,9
16/06/2020,4,277,4,263,0,9
17/06/2020,4,281,3,266,0,9
18/06/2020,4,285,4,270,0,9
19/06/2020,2,287,2,272,0,9
20/06/2020,6,293,6,278,0,9
21/06/2020,13,306,12,290,0,9
22/06/2020,3,309,3,293,0,9
23/06/2020,4,313,3,296,0,9
24/06/2020,1,314,1,297,0,9
25/06/2020,3,317,3,300,0,9
26/06/2020,4,321,2,302,1,10
27/06/2020,1,322,1,303,0,10
28/06/2020,3,325,3,306,0,10
29/06/2020,7,332,6,312,0,10
30/06/2020,8,340,7,319,0,10
01/07/2020,0,340,0,319,0,10
02/07/2020,24,364,22,341,2,12
03/07/2020,4,368,2,343,0,12
04/07/2020,6,374,2,345,0,12
05/07/2020,6,380,0,345,0,12
06/07/2020,5,385,0,345,0,12
07/07/2020,3,388,1,346,1,13
08/07/2020,8,396,0,346,0,13
09/07/2020,6,402,0,346,1,14
10/07/2020,14,416,0,346,0,14
11/07/2020,2,418,0,346,0,14
12/07/2020,6,424,0,346,0,14
13/07/2020,0,424,0,346,0,14
14/07/2020,10,434,0,346,0,14
15/07/2020,24,458,0,346,1,15
16/07/2020,25,483,0,346,0,15
17/07/2020,9,492,0,346,0,15
18/07/2020,0,492,0,346,0,15
19/07/2020,0,492,0,346,0,15
