date,total_reported,accum_reported,total_recupered,accum_recupered,total_deceased,accum_deceased
01/03/2020,0,0,0,0,0,0
02/03/2020,0,0,0,0,0,0
03/03/2020,0,0,0,0,0,0
04/03/2020,0,0,0,0,0,0
05/03/2020,0,0,0,0,0,0
06/03/2020,0,0,0,0,0,0
07/03/2020,0,0,0,0,0,0
08/03/2020,0,0,0,0,0,0
09/03/2020,0,0,0,0,0,0
10/03/2020,0,0,0,0,0,0
11/03/2020,0,0,0,0,0,0
12/03/2020,0,0,0,0,0,0
13/03/2020,0,0,0,0,0,0
14/03/2020,0,0,0,0,0,0
15/03/2020,0,0,0,0,0,0
16/03/2020,0,0,0,0,0,0
17/03/2020,0,0,0,0,0,0
18/03/2020,0,0,0,0,0,0
19/03/2020,0,0,0,0,0,0
20/03/2020,0,0,0,0,0,0
21/03/2020,0,0,0,0,0,0
22/03/2020,0,0,0,0,0,0
23/03/2020,0,0,0,0,0,0
24/03/2020,0,0,0,0,0,0
25/03/2020,0,0,0,0,0,0
26/03/2020,0,0,0,0,0,0
27/03/2020,0,0,0,0,0,0
28/03/2020,0,0,0,0,0,0
29/03/2020,0,0,0,0,0,0
30/03/2020,1,1,1,1,0,0
31/03/2020,0,1,0,1,0,0
01/04/2020,0,1,0,1,0,0
02/04/2020,0,1,0,1,0,0
03/04/2020,0,1,0,1,0,0
04/04/2020,0,1,0,1,0,0
05/04/2020,0,1,0,1,0,0
06/04/2020,0,1,0,1,0,0
07/04/2020,0,1,0,1,0,0
08/04/2020,0,1,0,1,0,0
09/04/2020,0,1,0,1,0,0
10/04/2020,3,4,3,4,0,0
11/04/2020,2,6,2,6,0,0
12/04/2020,0,6,0,6,0,0
13/04/2020,0,6,0,6,0,0
14/04/2020,0,6,0,6,0,0
15/04/2020,0,6,0,6,0,0
16/04/2020,8,14,8,14,0,0
17/04/2020,0,14,0,14,0,0
18/04/2020,0,14,0,14,0,0
19/04/2020,0,14,0,14,0,0
20/04/2020,2,16,2,16,0,0
21/04/2020,2,18,2,18,0,0
22/04/2020,2,20,2,20,0,0
23/04/2020,3,23,3,23,0,0
24/04/2020,0,23,0,23,0,0
25/04/2020,1,24,1,24,0,0
26/04/2020,0,24,0,24,0,0
27/04/2020,0,24,0,24,0,0
28/04/2020,0,24,0,24,0,0
29/04/2020,4,28,4,28,0,0
30/04/2020,13,41,11,39,2,2
01/05/2020,6,47,5,44,1,3
02/05/2020,2,49,2,46,0,3
03/05/2020,0,49,0,46,0,3
04/05/2020,2,51,2,48,0,3
05/05/2020,1,52,1,49,0,3
06/05/2020,0,52,0,49,0,3
07/05/2020,0,52,0,49,0,3
08/05/2020,3,55,3,52,0,3
09/05/2020,0,55,0,52,0,3
10/05/2020,1,56,1,53,0,3
11/05/2020,5,61,5,58,0,3
12/05/2020,2,63,2,60,0,3
13/05/2020,0,63,0,60,0,3
14/05/2020,1,64,0,60,1,4
15/05/2020,6,70,6,66,0,4
16/05/2020,0,70,0,66,0,4
17/05/2020,2,72,2,68,0,4
18/05/2020,2,74,2,70,0,4
19/05/2020,0,74,0,70,0,4
20/05/2020,0,74,0,70,0,4
21/05/2020,4,78,4,74,0,4
22/05/2020,3,81,2,76,1,5
23/05/2020,1,82,1,77,0,5
24/05/2020,2,84,2,79,0,5
25/05/2020,3,87,3,82,0,5
26/05/2020,3,90,3,85,0,5
27/05/2020,3,93,2,87,1,6
28/05/2020,0,93,0,87,0,6
29/05/2020,4,97,4,91,0,6
30/05/2020,4,101,4,95,0,6
31/05/2020,2,103,2,97,0,6
01/06/2020,7,110,5,102,2,8
02/06/2020,1,111,1,103,0,8
03/06/2020,14,125,11,114,2,10
04/06/2020,3,128,3,117,0,10
05/06/2020,4,132,4,121,0,10
06/06/2020,1,133,1,122,0,10
07/06/2020,1,134,1,123,0,10
08/06/2020,11,145,10,133,1,11
09/06/2020,9,154,8,141,1,12
10/06/2020,8,162,6,147,1,13
11/06/2020,7,169,4,151,2,15
12/06/2020,8,177,7,158,1,16
13/06/2020,15,192,11,169,2,18
14/06/2020,16,208,13,182,3,21
15/06/2020,13,221,12,194,0,21
16/06/2020,4,225,3,197,1,22
17/06/2020,7,232,5,202,1,23
18/06/2020,36,268,22,224,10,33
19/06/2020,7,275,5,229,2,35
20/06/2020,20,295,18,247,2,37
21/06/2020,19,314,17,264,2,39
22/06/2020,2,316,1,265,0,39
23/06/2020,4,320,4,269,0,39
24/06/2020,16,336,13,282,1,40
25/06/2020,44,380,33,315,6,46
26/06/2020,7,387,7,322,0,46
27/06/2020,30,417,25,347,3,49
28/06/2020,28,445,26,373,1,50
29/06/2020,5,450,4,377,1,51
30/06/2020,17,467,11,388,3,54
01/07/2020,10,477,9,397,1,55
02/07/2020,23,500,15,412,5,60
03/07/2020,2,502,1,413,1,61
04/07/2020,11,513,11,424,0,61
05/07/2020,17,530,12,436,2,63
06/07/2020,5,535,5,441,0,63
07/07/2020,20,555,14,455,4,67
08/07/2020,5,560,3,458,2,69
09/07/2020,58,618,33,491,17,86
10/07/2020,26,644,24,515,2,88
11/07/2020,27,671,27,542,0,88
12/07/2020,3,674,2,544,1,89
13/07/2020,4,678,4,548,0,89
14/07/2020,20,698,18,566,1,90
15/07/2020,4,702,3,569,1,91
16/07/2020,51,753,45,614,0,91
17/07/2020,47,800,40,654,4,95
18/07/2020,55,855,27,681,11,106
19/07/2020,30,885,19,700,6,112
20/07/2020,26,911,25,725,0,112
21/07/2020,14,925,14,739,0,112
22/07/2020,20,945,14,753,2,114
23/07/2020,18,963,8,761,4,118
24/07/2020,17,980,3,764,5,123
25/07/2020,24,1004,15,779,1,124
26/07/2020,14,1018,13,792,0,124
27/07/2020,18,1036,13,805,2,126
28/07/2020,39,1075,26,831,2,128
29/07/2020,11,1086,6,837,0,128
30/07/2020,25,1111,16,853,0,128
31/07/2020,5,1116,1,854,0,128
01/08/2020,5,1121,0,854,0,128
02/08/2020,14,1135,1,855,1,129
03/08/2020,29,1164,15,870,1,130
04/08/2020,15,1179,0,870,0,130
05/08/2020,17,1196,0,870,0,130
06/08/2020,14,1210,0,870,0,130
07/08/2020,10,1220,0,870,1,131
08/08/2020,21,1241,0,870,1,132
09/08/2020,12,1253,0,870,0,132
10/08/2020,0,1253,0,870,0,132
