date,total_reported,accum_reported,total_recupered,accum_recupered,total_deceased,accum_deceased
01/03/2020,0,0,0,0,0,0
02/03/2020,0,0,0,0,0,0
03/03/2020,0,0,0,0,0,0
04/03/2020,0,0,0,0,0,0
05/03/2020,0,0,0,0,0,0
06/03/2020,0,0,0,0,0,0
07/03/2020,0,0,0,0,0,0
08/03/2020,0,0,0,0,0,0
09/03/2020,0,0,0,0,0,0
10/03/2020,0,0,0,0,0,0
11/03/2020,0,0,0,0,0,0
12/03/2020,0,0,0,0,0,0
13/03/2020,1,1,1,1,0,0
14/03/2020,0,1,0,1,0,0
15/03/2020,0,1,0,1,0,0
16/03/2020,0,1,0,1,0,0
17/03/2020,0,1,0,1,0,0
18/03/2020,0,1,0,1,0,0
19/03/2020,1,2,1,2,0,0
20/03/2020,0,2,0,2,0,0
21/03/2020,1,3,1,3,0,0
22/03/2020,3,6,3,6,0,0
23/03/2020,1,7,1,7,0,0
24/03/2020,2,9,2,9,0,0
25/03/2020,2,11,2,11,0,0
26/03/2020,0,11,0,11,0,0
27/03/2020,1,12,1,12,0,0
28/03/2020,1,13,1,13,0,0
29/03/2020,1,14,1,14,0,0
30/03/2020,1,15,1,15,0,0
31/03/2020,0,15,0,15,0,0
01/04/2020,0,15,0,15,0,0
02/04/2020,1,16,1,16,0,0
03/04/2020,0,16,0,16,0,0
04/04/2020,0,16,0,16,0,0
05/04/2020,0,16,0,16,0,0
06/04/2020,0,16,0,16,0,0
07/04/2020,0,16,0,16,0,0
08/04/2020,3,19,2,18,1,1
09/04/2020,5,24,5,23,0,1
10/04/2020,1,25,1,24,0,1
11/04/2020,8,33,7,31,1,2
12/04/2020,1,34,1,32,0,2
13/04/2020,2,36,2,34,0,2
14/04/2020,0,36,0,34,0,2
15/04/2020,6,42,6,40,0,2
16/04/2020,2,44,2,42,0,2
17/04/2020,3,47,3,45,0,2
18/04/2020,0,47,0,45,0,2
19/04/2020,0,47,0,45,0,2
20/04/2020,2,49,2,47,0,2
21/04/2020,0,49,0,47,0,2
22/04/2020,0,49,0,47,0,2
23/04/2020,0,49,0,47,0,2
24/04/2020,3,52,3,50,0,2
25/04/2020,0,52,0,50,0,2
26/04/2020,1,53,1,51,0,2
27/04/2020,0,53,0,51,0,2
28/04/2020,3,56,3,54,0,2
29/04/2020,3,59,3,57,0,2
30/04/2020,10,69,10,67,0,2
01/05/2020,0,69,0,67,0,2
02/05/2020,10,79,9,76,1,3
03/05/2020,0,79,0,76,0,3
04/05/2020,0,79,0,76,0,3
05/05/2020,12,91,11,87,1,4
06/05/2020,3,94,3,90,0,4
07/05/2020,0,94,0,90,0,4
08/05/2020,0,94,0,90,0,4
09/05/2020,6,100,6,96,0,4
10/05/2020,0,100,0,96,0,4
11/05/2020,0,100,0,96,0,4
12/05/2020,4,104,4,100,0,4
13/05/2020,0,104,0,100,0,4
14/05/2020,4,108,3,103,1,5
15/05/2020,1,109,1,104,0,5
16/05/2020,10,119,9,113,1,6
17/05/2020,1,120,1,114,0,6
18/05/2020,0,120,0,114,0,6
19/05/2020,0,120,0,114,0,6
20/05/2020,6,126,5,119,1,7
21/05/2020,0,126,0,119,0,7
22/05/2020,0,126,0,119,0,7
23/05/2020,1,127,1,120,0,7
24/05/2020,1,128,1,121,0,7
25/05/2020,0,128,0,121,0,7
26/05/2020,2,130,2,123,0,7
27/05/2020,4,134,4,127,0,7
28/05/2020,1,135,1,128,0,7
29/05/2020,0,135,0,128,0,7
30/05/2020,0,135,0,128,0,7
31/05/2020,0,135,0,128,0,7
01/06/2020,3,138,3,131,0,7
02/06/2020,9,147,9,140,0,7
03/06/2020,10,157,10,150,0,7
04/06/2020,5,162,4,154,0,7
05/06/2020,2,164,1,155,0,7
06/06/2020,9,173,9,164,0,7
07/06/2020,3,176,3,167,0,7
08/06/2020,0,176,0,167,0,7
09/06/2020,4,180,4,171,0,7
10/06/2020,5,185,5,176,0,7
11/06/2020,3,188,2,178,0,7
12/06/2020,3,191,3,181,0,7
13/06/2020,0,191,0,181,0,7
14/06/2020,5,196,5,186,0,7
15/06/2020,4,200,4,190,0,7
16/06/2020,5,205,5,195,0,7
17/06/2020,0,205,0,195,0,7
18/06/2020,2,207,2,197,0,7
19/06/2020,4,211,4,201,0,7
20/06/2020,5,216,5,206,0,7
21/06/2020,2,218,2,208,0,7
22/06/2020,13,231,11,219,0,7
23/06/2020,6,237,6,225,0,7
24/06/2020,1,238,1,226,0,7
25/06/2020,2,240,2,228,0,7
26/06/2020,3,243,0,228,0,7
27/06/2020,1,244,1,229,0,7
28/06/2020,10,254,9,238,0,7
29/06/2020,4,258,4,242,0,7
30/06/2020,2,260,2,244,0,7
01/07/2020,4,264,3,247,0,7
02/07/2020,3,267,2,249,0,7
03/07/2020,0,267,0,249,0,7
04/07/2020,4,271,4,253,0,7
05/07/2020,0,271,0,253,0,7
06/07/2020,2,273,2,255,0,7
07/07/2020,5,278,3,258,0,7
08/07/2020,1,279,1,259,0,7
09/07/2020,8,287,4,263,0,7
10/07/2020,7,294,1,264,0,7
11/07/2020,0,294,0,264,0,7
12/07/2020,8,302,1,265,0,7
13/07/2020,0,302,0,265,0,7
14/07/2020,2,304,0,265,0,7
15/07/2020,4,308,1,266,0,7
16/07/2020,17,325,2,268,0,7
17/07/2020,17,342,1,269,0,7
18/07/2020,18,360,1,270,0,7
19/07/2020,30,390,0,270,0,7
20/07/2020,7,397,0,270,0,7
21/07/2020,20,417,1,271,0,7
22/07/2020,93,510,1,272,0,7
23/07/2020,41,551,0,272,0,7
24/07/2020,32,583,1,273,2,9
25/07/2020,67,650,0,273,0,9
26/07/2020,61,711,0,273,0,9
27/07/2020,12,723,0,273,0,9
28/07/2020,0,723,0,273,0,9
29/07/2020,0,723,0,273,0,9
