date,total_reported,accum_reported,total_recupered,accum_recupered,total_deceased,accum_deceased
01/03/2020,0,0,0,0,0,0
02/03/2020,0,0,0,0,0,0
03/03/2020,0,0,0,0,0,0
04/03/2020,0,0,0,0,0,0
05/03/2020,0,0,0,0,0,0
06/03/2020,0,0,0,0,0,0
07/03/2020,0,0,0,0,0,0
08/03/2020,0,0,0,0,0,0
09/03/2020,0,0,0,0,0,0
10/03/2020,0,0,0,0,0,0
11/03/2020,0,0,0,0,0,0
12/03/2020,0,0,0,0,0,0
13/03/2020,0,0,0,0,0,0
14/03/2020,0,0,0,0,0,0
15/03/2020,0,0,0,0,0,0
16/03/2020,0,0,0,0,0,0
17/03/2020,0,0,0,0,0,0
18/03/2020,0,0,0,0,0,0
19/03/2020,0,0,0,0,0,0
20/03/2020,0,0,0,0,0,0
21/03/2020,0,0,0,0,0,0
22/03/2020,0,0,0,0,0,0
23/03/2020,0,0,0,0,0,0
24/03/2020,0,0,0,0,0,0
25/03/2020,0,0,0,0,0,0
26/03/2020,0,0,0,0,0,0
27/03/2020,0,0,0,0,0,0
28/03/2020,0,0,0,0,0,0
29/03/2020,1,1,1,1,0,0
30/03/2020,0,1,0,1,0,0
31/03/2020,0,1,0,1,0,0
01/04/2020,0,1,0,1,0,0
02/04/2020,0,1,0,1,0,0
03/04/2020,0,1,0,1,0,0
04/04/2020,0,1,0,1,0,0
05/04/2020,0,1,0,1,0,0
06/04/2020,0,1,0,1,0,0
07/04/2020,0,1,0,1,0,0
08/04/2020,0,1,0,1,0,0
09/04/2020,0,1,0,1,0,0
10/04/2020,0,1,0,1,0,0
11/04/2020,0,1,0,1,0,0
12/04/2020,0,1,0,1,0,0
13/04/2020,0,1,0,1,0,0
14/04/2020,0,1,0,1,0,0
15/04/2020,0,1,0,1,0,0
16/04/2020,0,1,0,1,0,0
17/04/2020,0,1,0,1,0,0
18/04/2020,0,1,0,1,0,0
19/04/2020,0,1,0,1,0,0
20/04/2020,0,1,0,1,0,0
21/04/2020,0,1,0,1,0,0
22/04/2020,0,1,0,1,0,0
23/04/2020,0,1,0,1,0,0
24/04/2020,0,1,0,1,0,0
25/04/2020,0,1,0,1,0,0
26/04/2020,0,1,0,1,0,0
27/04/2020,0,1,0,1,0,0
28/04/2020,0,1,0,1,0,0
29/04/2020,0,1,0,1,0,0
30/04/2020,0,1,0,1,0,0
01/05/2020,0,1,0,1,0,0
02/05/2020,0,1,0,1,0,0
03/05/2020,0,1,0,1,0,0
04/05/2020,0,1,0,1,0,0
05/05/2020,0,1,0,1,0,0
06/05/2020,0,1,0,1,0,0
07/05/2020,0,1,0,1,0,0
08/05/2020,1,2,1,2,0,0
09/05/2020,0,2,0,2,0,0
10/05/2020,2,4,2,4,0,0
11/05/2020,0,4,0,4,0,0
12/05/2020,0,4,0,4,0,0
13/05/2020,0,4,0,4,0,0
14/05/2020,0,4,0,4,0,0
15/05/2020,0,4,0,4,0,0
16/05/2020,0,4,0,4,0,0
17/05/2020,0,4,0,4,0,0
18/05/2020,0,4,0,4,0,0
19/05/2020,0,4,0,4,0,0
20/05/2020,1,5,1,5,0,0
21/05/2020,0,5,0,5,0,0
22/05/2020,0,5,0,5,0,0
23/05/2020,0,5,0,5,0,0
24/05/2020,0,5,0,5,0,0
25/05/2020,2,7,2,7,0,0
26/05/2020,0,7,0,7,0,0
27/05/2020,3,10,3,10,0,0
28/05/2020,5,15,4,14,0,0
29/05/2020,0,15,0,14,0,0
30/05/2020,4,19,3,17,1,1
31/05/2020,2,21,2,19,0,1
01/06/2020,3,24,3,22,0,1
02/06/2020,1,25,1,23,0,1
03/06/2020,22,47,22,45,0,1
04/06/2020,26,73,24,69,1,2
05/06/2020,8,81,8,77,0,2
06/06/2020,17,98,15,92,1,3
07/06/2020,28,126,25,117,1,4
08/06/2020,5,131,5,122,0,4
09/06/2020,12,143,11,133,0,4
10/06/2020,23,166,20,153,1,5
11/06/2020,8,174,6,159,2,7
12/06/2020,22,196,20,179,1,8
13/06/2020,17,213,12,191,4,12
14/06/2020,25,238,17,208,3,15
15/06/2020,2,240,2,210,0,15
16/06/2020,32,272,31,241,0,15
17/06/2020,28,300,22,263,3,18
18/06/2020,106,406,94,357,8,26
19/06/2020,43,449,38,395,2,28
20/06/2020,48,497,40,435,5,33
21/06/2020,41,538,35,470,2,35
22/06/2020,57,595,54,524,0,35
23/06/2020,54,649,44,568,7,42
24/06/2020,85,734,76,644,4,46
25/06/2020,113,847,94,738,8,54
26/06/2020,48,895,40,778,2,56
27/06/2020,81,976,66,844,5,61
28/06/2020,115,1091,79,923,17,78
29/06/2020,61,1152,55,978,2,80
30/06/2020,102,1254,75,1053,10,90
01/07/2020,118,1372,100,1153,9,99
02/07/2020,117,1489,92,1245,10,109
03/07/2020,59,1548,32,1277,10,119
04/07/2020,135,1683,94,1371,7,126
05/07/2020,142,1825,126,1497,6,132
06/07/2020,67,1892,63,1560,0,132
07/07/2020,110,2002,55,1615,18,150
08/07/2020,136,2138,99,1714,11,161
09/07/2020,136,2274,121,1835,10,171
10/07/2020,102,2376,81,1916,9,180
11/07/2020,43,2419,33,1949,4,184
12/07/2020,104,2523,85,2034,9,193
13/07/2020,60,2583,56,2090,3,196
14/07/2020,140,2723,121,2211,6,202
15/07/2020,49,2772,30,2241,9,211
16/07/2020,280,3052,229,2470,28,239
17/07/2020,396,3448,349,2819,15,254
18/07/2020,484,3932,437,3256,15,269
19/07/2020,206,4138,152,3408,8,277
20/07/2020,208,4346,194,3602,4,281
21/07/2020,267,4613,215,3817,16,297
22/07/2020,113,4726,28,3845,25,322
23/07/2020,125,4851,11,3856,23,345
24/07/2020,123,4974,12,3868,22,367
25/07/2020,145,5119,39,3907,8,375
26/07/2020,200,5319,112,4019,6,381
27/07/2020,121,5440,1,4020,3,384
28/07/2020,223,5663,11,4031,2,386
29/07/2020,79,5742,9,4040,0,386
30/07/2020,75,5817,5,4045,0,386
31/07/2020,111,5928,3,4048,0,386
01/08/2020,74,6002,1,4049,1,387
02/08/2020,113,6115,4,4053,0,387
03/08/2020,215,6330,1,4054,2,389
04/08/2020,171,6501,0,4054,0,389
05/08/2020,234,6735,0,4054,2,391
06/08/2020,249,6984,0,4054,0,391
07/08/2020,0,6984,0,4054,0,391
08/08/2020,0,6984,0,4054,0,391
