date,total_reported,accum_reported,total_recupered,accum_recupered,total_deceased,accum_deceased
01/03/2020,0,0,0,0,0,0
02/03/2020,0,0,0,0,0,0
03/03/2020,0,0,0,0,0,0
04/03/2020,0,0,0,0,0,0
05/03/2020,0,0,0,0,0,0
06/03/2020,0,0,0,0,0,0
07/03/2020,0,0,0,0,0,0
08/03/2020,0,0,0,0,0,0
09/03/2020,0,0,0,0,0,0
10/03/2020,0,0,0,0,0,0
11/03/2020,0,0,0,0,0,0
12/03/2020,0,0,0,0,0,0
13/03/2020,0,0,0,0,0,0
14/03/2020,0,0,0,0,0,0
15/03/2020,0,0,0,0,0,0
16/03/2020,0,0,0,0,0,0
17/03/2020,0,0,0,0,0,0
18/03/2020,0,0,0,0,0,0
19/03/2020,0,0,0,0,0,0
20/03/2020,0,0,0,0,0,0
21/03/2020,0,0,0,0,0,0
22/03/2020,0,0,0,0,0,0
23/03/2020,0,0,0,0,0,0
24/03/2020,0,0,0,0,0,0
25/03/2020,0,0,0,0,0,0
26/03/2020,0,0,0,0,0,0
27/03/2020,0,0,0,0,0,0
28/03/2020,0,0,0,0,0,0
29/03/2020,0,0,0,0,0,0
30/03/2020,0,0,0,0,0,0
31/03/2020,0,0,0,0,0,0
01/04/2020,1,1,0,0,1,1
02/04/2020,0,1,0,0,0,1
03/04/2020,0,1,0,0,0,1
04/04/2020,0,1,0,0,0,1
05/04/2020,0,1,0,0,0,1
06/04/2020,0,1,0,0,0,1
07/04/2020,0,1,0,0,0,1
08/04/2020,0,1,0,0,0,1
09/04/2020,0,1,0,0,0,1
10/04/2020,0,1,0,0,0,1
11/04/2020,0,1,0,0,0,1
12/04/2020,0,1,0,0,0,1
13/04/2020,0,1,0,0,0,1
14/04/2020,0,1,0,0,0,1
15/04/2020,0,1,0,0,0,1
16/04/2020,0,1,0,0,0,1
17/04/2020,0,1,0,0,0,1
18/04/2020,0,1,0,0,0,1
19/04/2020,0,1,0,0,0,1
20/04/2020,0,1,0,0,0,1
21/04/2020,0,1,0,0,0,1
22/04/2020,0,1,0,0,0,1
23/04/2020,0,1,0,0,0,1
24/04/2020,0,1,0,0,0,1
25/04/2020,0,1,0,0,0,1
26/04/2020,0,1,0,0,0,1
27/04/2020,0,1,0,0,0,1
28/04/2020,0,1,0,0,0,1
29/04/2020,0,1,0,0,0,1
30/04/2020,0,1,0,0,0,1
01/05/2020,0,1,0,0,0,1
02/05/2020,0,1,0,0,0,1
03/05/2020,0,1,0,0,0,1
04/05/2020,0,1,0,0,0,1
05/05/2020,0,1,0,0,0,1
06/05/2020,0,1,0,0,0,1
07/05/2020,0,1,0,0,0,1
08/05/2020,0,1,0,0,0,1
09/05/2020,0,1,0,0,0,1
10/05/2020,0,1,0,0,0,1
11/05/2020,0,1,0,0,0,1
12/05/2020,0,1,0,0,0,1
13/05/2020,0,1,0,0,0,1
14/05/2020,0,1,0,0,0,1
15/05/2020,0,1,0,0,0,1
16/05/2020,0,1,0,0,0,1
17/05/2020,0,1,0,0,0,1
18/05/2020,0,1,0,0,0,1
19/05/2020,0,1,0,0,0,1
20/05/2020,0,1,0,0,0,1
21/05/2020,1,2,1,1,0,1
22/05/2020,1,3,1,2,0,1
23/05/2020,0,3,0,2,0,1
24/05/2020,0,3,0,2,0,1
25/05/2020,0,3,0,2,0,1
26/05/2020,1,4,1,3,0,1
27/05/2020,0,4,0,3,0,1
28/05/2020,2,6,2,5,0,1
29/05/2020,1,7,1,6,0,1
30/05/2020,1,8,1,7,0,1
31/05/2020,1,9,1,8,0,1
01/06/2020,1,10,0,8,0,1
02/06/2020,0,10,0,8,0,1
03/06/2020,1,11,1,9,0,1
04/06/2020,1,12,1,10,0,1
05/06/2020,0,12,0,10,0,1
06/06/2020,2,14,2,12,0,1
07/06/2020,1,15,1,13,0,1
08/06/2020,0,15,0,13,0,1
09/06/2020,0,15,0,13,0,1
10/06/2020,0,15,0,13,0,1
11/06/2020,0,15,0,13,0,1
12/06/2020,0,15,0,13,0,1
13/06/2020,0,15,0,13,0,1
14/06/2020,0,15,0,13,0,1
15/06/2020,0,15,0,13,0,1
16/06/2020,3,18,2,15,0,1
17/06/2020,1,19,1,16,0,1
18/06/2020,0,19,0,16,0,1
19/06/2020,1,20,1,17,0,1
20/06/2020,2,22,2,19,0,1
21/06/2020,1,23,1,20,0,1
22/06/2020,0,23,0,20,0,1
23/06/2020,2,25,2,22,0,1
24/06/2020,1,26,1,23,0,1
25/06/2020,1,27,1,24,0,1
26/06/2020,1,28,1,25,0,1
27/06/2020,1,29,1,26,0,1
28/06/2020,3,32,2,28,0,1
29/06/2020,1,33,1,29,0,1
30/06/2020,0,33,0,29,0,1
01/07/2020,0,33,0,29,0,1
02/07/2020,4,37,4,33,0,1
03/07/2020,1,38,1,34,0,1
04/07/2020,2,40,2,36,0,1
05/07/2020,0,40,0,36,0,1
06/07/2020,1,41,0,36,0,1
07/07/2020,5,46,4,40,0,1
08/07/2020,3,49,3,43,0,1
09/07/2020,1,50,1,44,0,1
10/07/2020,5,55,3,47,0,1
11/07/2020,0,55,0,47,0,1
12/07/2020,5,60,3,50,0,1
13/07/2020,0,60,0,50,0,1
14/07/2020,2,62,2,52,0,1
15/07/2020,0,62,0,52,0,1
16/07/2020,4,66,3,55,0,1
17/07/2020,3,69,2,57,0,1
18/07/2020,3,72,1,58,0,1
19/07/2020,6,78,1,59,0,1
20/07/2020,2,80,1,60,0,1
21/07/2020,10,90,0,60,1,2
22/07/2020,16,106,2,62,0,2
23/07/2020,1,107,0,62,0,2
24/07/2020,1,108,0,62,0,2
25/07/2020,9,117,1,63,0,2
26/07/2020,3,120,0,63,0,2
27/07/2020,2,122,0,63,0,2
28/07/2020,12,134,0,63,0,2
29/07/2020,6,140,0,63,2,4
30/07/2020,2,142,1,64,0,4
31/07/2020,6,148,0,64,0,4
01/08/2020,9,157,0,64,0,4
02/08/2020,0,157,0,64,0,4
03/08/2020,0,157,0,64,0,4
