date,total_reported,accum_reported,total_recupered,accum_recupered,total_deceased,accum_deceased
01/03/2020,0,0,0,0,0,0
02/03/2020,0,0,0,0,0,0
03/03/2020,0,0,0,0,0,0
04/03/2020,0,0,0,0,0,0
05/03/2020,0,0,0,0,0,0
06/03/2020,0,0,0,0,0,0
07/03/2020,0,0,0,0,0,0
08/03/2020,0,0,0,0,0,0
09/03/2020,0,0,0,0,0,0
10/03/2020,0,0,0,0,0,0
11/03/2020,0,0,0,0,0,0
12/03/2020,0,0,0,0,0,0
13/03/2020,0,0,0,0,0,0
14/03/2020,0,0,0,0,0,0
15/03/2020,0,0,0,0,0,0
16/03/2020,0,0,0,0,0,0
17/03/2020,0,0,0,0,0,0
18/03/2020,0,0,0,0,0,0
19/03/2020,2,2,2,2,0,0
20/03/2020,0,2,0,2,0,0
21/03/2020,0,2,0,2,0,0
22/03/2020,0,2,0,2,0,0
23/03/2020,0,2,0,2,0,0
24/03/2020,1,3,1,3,0,0
25/03/2020,6,9,6,9,0,0
26/03/2020,0,9,0,9,0,0
27/03/2020,0,9,0,9,0,0
28/03/2020,0,9,0,9,0,0
29/03/2020,0,9,0,9,0,0
30/03/2020,0,9,0,9,0,0
31/03/2020,0,9,0,9,0,0
01/04/2020,2,11,2,11,0,0
02/04/2020,0,11,0,11,0,0
03/04/2020,0,11,0,11,0,0
04/04/2020,0,11,0,11,0,0
05/04/2020,0,11,0,11,0,0
06/04/2020,1,12,0,11,1,1
07/04/2020,0,12,0,11,0,1
08/04/2020,0,12,0,11,0,1
09/04/2020,0,12,0,11,0,1
10/04/2020,2,14,2,13,0,1
11/04/2020,0,14,0,13,0,1
12/04/2020,0,14,0,13,0,1
13/04/2020,0,14,0,13,0,1
14/04/2020,0,14,0,13,0,1
15/04/2020,0,14,0,13,0,1
16/04/2020,0,14,0,13,0,1
17/04/2020,0,14,0,13,0,1
18/04/2020,0,14,0,13,0,1
19/04/2020,0,14,0,13,0,1
20/04/2020,0,14,0,13,0,1
21/04/2020,0,14,0,13,0,1
22/04/2020,0,14,0,13,0,1
23/04/2020,0,14,0,13,0,1
24/04/2020,0,14,0,13,0,1
25/04/2020,0,14,0,13,0,1
26/04/2020,0,14,0,13,0,1
27/04/2020,3,17,3,16,0,1
28/04/2020,2,19,2,18,0,1
29/04/2020,0,19,0,18,0,1
30/04/2020,0,19,0,18,0,1
01/05/2020,0,19,0,18,0,1
02/05/2020,0,19,0,18,0,1
03/05/2020,0,19,0,18,0,1
04/05/2020,0,19,0,18,0,1
05/05/2020,2,21,2,20,0,1
06/05/2020,0,21,0,20,0,1
07/05/2020,0,21,0,20,0,1
08/05/2020,1,22,1,21,0,1
09/05/2020,0,22,0,21,0,1
10/05/2020,1,23,1,22,0,1
11/05/2020,0,23,0,22,0,1
12/05/2020,0,23,0,22,0,1
13/05/2020,0,23,0,22,0,1
14/05/2020,0,23,0,22,0,1
15/05/2020,2,25,2,24,0,1
16/05/2020,0,25,0,24,0,1
17/05/2020,3,28,3,27,0,1
18/05/2020,0,28,0,27,0,1
19/05/2020,0,28,0,27,0,1
20/05/2020,0,28,0,27,0,1
21/05/2020,0,28,0,27,0,1
22/05/2020,2,30,2,29,0,1
23/05/2020,1,31,1,30,0,1
24/05/2020,1,32,1,31,0,1
25/05/2020,0,32,0,31,0,1
26/05/2020,0,32,0,31,0,1
27/05/2020,1,33,1,32,0,1
28/05/2020,2,35,2,34,0,1
29/05/2020,0,35,0,34,0,1
30/05/2020,1,36,1,35,0,1
31/05/2020,1,37,1,36,0,1
01/06/2020,1,38,1,37,0,1
02/06/2020,2,40,2,39,0,1
03/06/2020,1,41,1,40,0,1
04/06/2020,1,42,1,41,0,1
05/06/2020,5,47,5,46,0,1
06/06/2020,1,48,1,47,0,1
07/06/2020,8,56,5,52,0,1
08/06/2020,2,58,2,54,0,1
09/06/2020,1,59,1,55,0,1
10/06/2020,0,59,0,55,0,1
11/06/2020,2,61,2,57,0,1
12/06/2020,1,62,1,58,0,1
13/06/2020,0,62,0,58,0,1
14/06/2020,3,65,3,61,0,1
15/06/2020,1,66,1,62,0,1
16/06/2020,3,69,3,65,0,1
17/06/2020,3,72,3,68,0,1
18/06/2020,2,74,2,70,0,1
19/06/2020,5,79,2,72,1,2
20/06/2020,7,86,6,78,0,2
21/06/2020,4,90,1,79,1,3
22/06/2020,3,93,3,82,0,3
23/06/2020,8,101,8,90,0,3
24/06/2020,11,112,11,101,0,3
25/06/2020,7,119,6,107,0,3
26/06/2020,1,120,1,108,0,3
27/06/2020,5,125,5,113,0,3
28/06/2020,11,136,9,122,1,4
29/06/2020,3,139,3,125,0,4
30/06/2020,3,142,3,128,0,4
01/07/2020,23,165,22,150,0,4
02/07/2020,19,184,17,167,1,5
03/07/2020,2,186,1,168,0,5
04/07/2020,15,201,14,182,0,5
05/07/2020,12,213,11,193,0,5
06/07/2020,7,220,6,199,0,5
07/07/2020,9,229,9,208,0,5
08/07/2020,4,233,4,212,0,5
09/07/2020,9,242,8,220,1,6
10/07/2020,26,268,21,241,1,7
11/07/2020,7,275,7,248,0,7
12/07/2020,9,284,8,256,1,8
13/07/2020,1,285,1,257,0,8
14/07/2020,14,299,11,268,1,9
15/07/2020,36,335,33,301,0,9
16/07/2020,30,365,28,329,0,9
17/07/2020,37,402,32,361,0,9
18/07/2020,29,431,24,385,1,10
19/07/2020,27,458,17,402,0,10
20/07/2020,21,479,15,417,0,10
21/07/2020,8,487,2,419,1,11
22/07/2020,76,563,51,470,1,12
23/07/2020,24,587,13,483,2,14
24/07/2020,17,604,2,485,0,14
25/07/2020,26,630,2,487,0,14
26/07/2020,25,655,3,490,1,15
27/07/2020,48,703,22,512,1,16
28/07/2020,22,725,2,514,0,16
29/07/2020,17,742,0,514,0,16
30/07/2020,31,773,0,514,0,16
31/07/2020,43,816,0,514,0,16
01/08/2020,35,851,1,515,0,16
02/08/2020,36,887,0,515,0,16
03/08/2020,69,956,0,515,1,17
04/08/2020,24,980,0,515,2,19
05/08/2020,79,1059,1,516,2,21
06/08/2020,13,1072,0,516,0,21
07/08/2020,0,1072,0,516,0,21
08/08/2020,0,1072,0,516,0,21
