date,total_reported,accum_reported,total_recupered,accum_recupered,total_deceased,accum_deceased
01/03/2020,0,0,0,0,0,0
02/03/2020,0,0,0,0,0,0
03/03/2020,0,0,0,0,0,0
04/03/2020,0,0,0,0,0,0
05/03/2020,0,0,0,0,0,0
06/03/2020,0,0,0,0,0,0
07/03/2020,0,0,0,0,0,0
08/03/2020,0,0,0,0,0,0
09/03/2020,0,0,0,0,0,0
10/03/2020,0,0,0,0,0,0
11/03/2020,0,0,0,0,0,0
12/03/2020,0,0,0,0,0,0
13/03/2020,0,0,0,0,0,0
14/03/2020,0,0,0,0,0,0
15/03/2020,0,0,0,0,0,0
16/03/2020,0,0,0,0,0,0
17/03/2020,0,0,0,0,0,0
18/03/2020,0,0,0,0,0,0
19/03/2020,0,0,0,0,0,0
20/03/2020,0,0,0,0,0,0
21/03/2020,0,0,0,0,0,0
22/03/2020,0,0,0,0,0,0
23/03/2020,0,0,0,0,0,0
24/03/2020,1,1,0,0,1,1
25/03/2020,0,1,0,0,0,1
26/03/2020,0,1,0,0,0,1
27/03/2020,0,1,0,0,0,1
28/03/2020,0,1,0,0,0,1
29/03/2020,0,1,0,0,0,1
30/03/2020,0,1,0,0,0,1
31/03/2020,0,1,0,0,0,1
01/04/2020,0,1,0,0,0,1
02/04/2020,0,1,0,0,0,1
03/04/2020,0,1,0,0,0,1
04/04/2020,0,1,0,0,0,1
05/04/2020,0,1,0,0,0,1
06/04/2020,0,1,0,0,0,1
07/04/2020,0,1,0,0,0,1
08/04/2020,2,3,2,2,0,1
09/04/2020,8,11,8,10,0,1
10/04/2020,3,14,2,12,1,2
11/04/2020,3,17,3,15,0,2
12/04/2020,0,17,0,15,0,2
13/04/2020,0,17,0,15,0,2
14/04/2020,3,20,3,18,0,2
15/04/2020,0,20,0,18,0,2
16/04/2020,0,20,0,18,0,2
17/04/2020,0,20,0,18,0,2
18/04/2020,0,20,0,18,0,2
19/04/2020,0,20,0,18,0,2
20/04/2020,4,24,3,21,1,3
21/04/2020,10,34,10,31,0,3
22/04/2020,0,34,0,31,0,3
23/04/2020,0,34,0,31,0,3
24/04/2020,9,43,9,40,0,3
25/04/2020,7,50,7,47,0,3
26/04/2020,1,51,0,47,0,3
27/04/2020,1,52,1,48,0,3
28/04/2020,1,53,1,49,0,3
29/04/2020,3,56,3,52,0,3
30/04/2020,0,56,0,52,0,3
01/05/2020,8,64,8,60,0,3
02/05/2020,2,66,2,62,0,3
03/05/2020,29,95,29,91,0,3
04/05/2020,0,95,0,91,0,3
05/05/2020,2,97,1,92,0,3
06/05/2020,2,99,2,94,0,3
07/05/2020,0,99,0,94,0,3
08/05/2020,0,99,0,94,0,3
09/05/2020,1,100,1,95,0,3
10/05/2020,0,100,0,95,0,3
11/05/2020,6,106,6,101,0,3
12/05/2020,2,108,2,103,0,3
13/05/2020,0,108,0,103,0,3
14/05/2020,0,108,0,103,0,3
15/05/2020,1,109,1,104,0,3
16/05/2020,0,109,0,104,0,3
17/05/2020,0,109,0,104,0,3
18/05/2020,3,112,3,107,0,3
19/05/2020,3,115,3,110,0,3
20/05/2020,0,115,0,110,0,3
21/05/2020,1,116,1,111,0,3
22/05/2020,2,118,1,112,1,4
23/05/2020,5,123,5,117,0,4
24/05/2020,0,123,0,117,0,4
25/05/2020,5,128,5,122,0,4
26/05/2020,6,134,6,128,0,4
27/05/2020,4,138,4,132,0,4
28/05/2020,3,141,3,135,0,4
29/05/2020,1,142,1,136,0,4
30/05/2020,0,142,0,136,0,4
31/05/2020,1,143,1,137,0,4
01/06/2020,7,150,7,144,0,4
02/06/2020,0,150,0,144,0,4
03/06/2020,13,163,13,157,0,4
04/06/2020,3,166,3,160,0,4
05/06/2020,13,179,13,173,0,4
06/06/2020,2,181,2,175,0,4
07/06/2020,2,183,2,177,0,4
08/06/2020,5,188,5,182,0,4
09/06/2020,8,196,8,190,0,4
10/06/2020,4,200,3,193,0,4
11/06/2020,0,200,0,193,0,4
12/06/2020,0,200,0,193,0,4
13/06/2020,2,202,2,195,0,4
14/06/2020,2,204,2,197,0,4
15/06/2020,7,211,6,203,0,4
16/06/2020,0,211,0,203,0,4
17/06/2020,3,214,2,205,1,5
18/06/2020,11,225,10,215,1,6
19/06/2020,9,234,8,223,1,7
20/06/2020,4,238,3,226,0,7
21/06/2020,25,263,23,249,1,8
22/06/2020,0,263,0,249,0,8
23/06/2020,0,263,0,249,0,8
24/06/2020,19,282,18,267,0,8
25/06/2020,1,283,1,268,0,8
26/06/2020,9,292,8,276,1,9
27/06/2020,5,297,2,278,0,9
28/06/2020,1,298,1,279,0,9
29/06/2020,17,315,14,293,2,11
30/06/2020,19,334,17,310,1,12
01/07/2020,12,346,10,320,1,13
02/07/2020,3,349,3,323,0,13
03/07/2020,26,375,23,346,2,15
04/07/2020,11,386,11,357,0,15
05/07/2020,17,403,14,371,1,16
06/07/2020,13,416,8,379,1,17
07/07/2020,9,425,4,383,0,17
08/07/2020,1,426,0,383,0,17
09/07/2020,6,432,5,388,0,17
10/07/2020,23,455,16,404,0,17
11/07/2020,1,456,0,404,0,17
12/07/2020,18,474,11,415,2,19
13/07/2020,0,474,0,415,0,19
14/07/2020,3,477,0,415,1,20
15/07/2020,5,482,0,415,0,20
16/07/2020,33,515,8,423,3,23
17/07/2020,2,517,1,424,0,23
18/07/2020,16,533,10,434,0,23
19/07/2020,20,553,1,435,2,25
20/07/2020,7,560,0,435,0,25
21/07/2020,6,566,0,435,0,25
22/07/2020,15,581,0,435,0,25
23/07/2020,25,606,0,435,1,26
24/07/2020,17,623,1,436,0,26
25/07/2020,38,661,0,436,2,28
26/07/2020,19,680,1,437,1,29
27/07/2020,55,735,0,437,1,30
28/07/2020,11,746,1,438,0,30
29/07/2020,15,761,0,438,0,30
30/07/2020,57,818,0,438,0,30
31/07/2020,0,818,0,438,0,30
