date,total_reported,accum_reported,total_recupered,accum_recupered,total_deceased,accum_deceased
01/03/2020,0,0,0,0,0,0
02/03/2020,0,0,0,0,0,0
03/03/2020,0,0,0,0,0,0
04/03/2020,0,0,0,0,0,0
05/03/2020,0,0,0,0,0,0
06/03/2020,0,0,0,0,0,0
07/03/2020,0,0,0,0,0,0
08/03/2020,0,0,0,0,0,0
09/03/2020,0,0,0,0,0,0
10/03/2020,0,0,0,0,0,0
11/03/2020,0,0,0,0,0,0
12/03/2020,0,0,0,0,0,0
13/03/2020,0,0,0,0,0,0
14/03/2020,0,0,0,0,0,0
15/03/2020,0,0,0,0,0,0
16/03/2020,0,0,0,0,0,0
17/03/2020,1,1,1,1,0,0
18/03/2020,1,2,1,2,0,0
19/03/2020,0,2,0,2,0,0
20/03/2020,0,2,0,2,0,0
21/03/2020,1,3,1,3,0,0
22/03/2020,1,4,1,4,0,0
23/03/2020,0,4,0,4,0,0
24/03/2020,4,8,4,8,0,0
25/03/2020,1,9,1,9,0,0
26/03/2020,0,9,0,9,0,0
27/03/2020,0,9,0,9,0,0
28/03/2020,0,9,0,9,0,0
29/03/2020,0,9,0,9,0,0
30/03/2020,0,9,0,9,0,0
31/03/2020,0,9,0,9,0,0
01/04/2020,5,14,5,14,0,0
02/04/2020,0,14,0,14,0,0
03/04/2020,1,15,1,15,0,0
04/04/2020,0,15,0,15,0,0
05/04/2020,0,15,0,15,0,0
06/04/2020,0,15,0,15,0,0
07/04/2020,0,15,0,15,0,0
08/04/2020,0,15,0,15,0,0
09/04/2020,1,16,1,16,0,0
10/04/2020,5,21,4,20,1,1
11/04/2020,2,23,1,21,1,2
12/04/2020,0,23,0,21,0,2
13/04/2020,2,25,2,23,0,2
14/04/2020,0,25,0,23,0,2
15/04/2020,2,27,2,25,0,2
16/04/2020,1,28,1,26,0,2
17/04/2020,2,30,2,28,0,2
18/04/2020,0,30,0,28,0,2
19/04/2020,2,32,2,30,0,2
20/04/2020,0,32,0,30,0,2
21/04/2020,4,36,4,34,0,2
22/04/2020,4,40,4,38,0,2
23/04/2020,1,41,0,38,1,3
24/04/2020,0,41,0,38,0,3
25/04/2020,1,42,1,39,0,3
26/04/2020,1,43,1,40,0,3
27/04/2020,12,55,11,51,1,4
28/04/2020,7,62,7,58,0,4
29/04/2020,4,66,4,62,0,4
30/04/2020,2,68,2,64,0,4
01/05/2020,19,87,19,83,0,4
02/05/2020,1,88,1,84,0,4
03/05/2020,5,93,5,89,0,4
04/05/2020,1,94,1,90,0,4
05/05/2020,0,94,0,90,0,4
06/05/2020,0,94,0,90,0,4
07/05/2020,4,98,4,94,0,4
08/05/2020,5,103,5,99,0,4
09/05/2020,0,103,0,99,0,4
10/05/2020,27,130,22,121,4,8
11/05/2020,0,130,0,121,0,8
12/05/2020,3,133,3,124,0,8
13/05/2020,1,134,1,125,0,8
14/05/2020,0,134,0,125,0,8
15/05/2020,20,154,20,145,0,8
16/05/2020,5,159,5,150,0,8
17/05/2020,0,159,0,150,0,8
18/05/2020,5,164,5,155,0,8
19/05/2020,10,174,10,165,0,8
20/05/2020,2,176,2,167,0,8
21/05/2020,1,177,1,168,0,8
22/05/2020,4,181,4,172,0,8
23/05/2020,6,187,5,177,0,8
24/05/2020,2,189,1,178,0,8
25/05/2020,36,225,36,214,0,8
26/05/2020,13,238,13,227,0,8
27/05/2020,0,238,0,227,0,8
28/05/2020,9,247,8,235,1,9
29/05/2020,0,247,0,235,0,9
30/05/2020,1,248,1,236,0,9
31/05/2020,15,263,15,251,0,9
01/06/2020,10,273,9,260,1,10
02/06/2020,1,274,1,261,0,10
03/06/2020,0,274,0,261,0,10
04/06/2020,2,276,1,262,1,11
05/06/2020,3,279,3,265,0,11
06/06/2020,1,280,1,266,0,11
07/06/2020,7,287,6,272,1,12
08/06/2020,4,291,4,276,0,12
09/06/2020,2,293,2,278,0,12
10/06/2020,4,297,4,282,0,12
11/06/2020,16,313,16,298,0,12
12/06/2020,28,341,25,323,2,14
13/06/2020,40,381,32,355,6,20
14/06/2020,3,384,3,358,0,20
15/06/2020,10,394,6,364,2,22
16/06/2020,12,406,11,375,0,22
17/06/2020,65,471,65,440,0,22
18/06/2020,33,504,32,472,0,22
19/06/2020,10,514,10,482,0,22
20/06/2020,14,528,14,496,0,22
21/06/2020,69,597,68,564,0,22
22/06/2020,77,674,77,641,0,22
23/06/2020,15,689,9,650,2,24
24/06/2020,35,724,35,685,0,24
25/06/2020,8,732,5,690,0,24
26/06/2020,4,736,4,694,0,24
27/06/2020,25,761,24,718,0,24
28/06/2020,57,818,53,771,0,24
29/06/2020,111,929,111,882,0,24
30/06/2020,8,937,8,890,0,24
01/07/2020,79,1016,77,967,2,26
02/07/2020,19,1035,14,981,3,29
03/07/2020,48,1083,47,1028,1,30
04/07/2020,13,1096,13,1041,0,30
05/07/2020,28,1124,26,1067,0,30
06/07/2020,35,1159,35,1102,0,30
07/07/2020,13,1172,13,1115,0,30
08/07/2020,11,1183,11,1126,0,30
09/07/2020,110,1293,103,1229,4,34
10/07/2020,123,1416,120,1349,2,36
11/07/2020,11,1427,11,1360,0,36
12/07/2020,38,1465,36,1396,1,37
13/07/2020,19,1484,16,1412,0,37
14/07/2020,22,1506,21,1433,1,38
15/07/2020,18,1524,17,1450,0,38
16/07/2020,141,1665,131,1581,0,38
17/07/2020,32,1697,26,1607,0,38
18/07/2020,57,1754,51,1658,3,41
19/07/2020,27,1781,20,1678,0,41
20/07/2020,35,1816,25,1703,0,41
21/07/2020,44,1860,39,1742,1,42
22/07/2020,43,1903,30,1772,2,44
23/07/2020,17,1920,8,1780,1,45
24/07/2020,58,1978,5,1785,1,46
25/07/2020,64,2042,9,1794,1,47
26/07/2020,55,2097,23,1817,1,48
27/07/2020,74,2171,25,1842,5,53
28/07/2020,68,2239,22,1864,2,55
29/07/2020,45,2284,2,1866,2,57
30/07/2020,187,2471,3,1869,3,60
31/07/2020,102,2573,9,1878,2,62
01/08/2020,72,2645,0,1878,2,64
02/08/2020,123,2768,1,1879,4,68
03/08/2020,132,2900,2,1881,2,70
04/08/2020,121,3021,0,1881,1,71
05/08/2020,182,3203,0,1881,2,73
06/08/2020,84,3287,0,1881,1,74
07/08/2020,84,3371,0,1881,0,74
08/08/2020,151,3522,0,1881,0,74
09/08/2020,0,3522,0,1881,0,74
10/08/2020,0,3522,0,1881,0,74
