date,total_reported,accum_reported,total_recupered,accum_recupered,total_deceased,accum_deceased
01/03/2020,0,0,0,0,0,0
02/03/2020,0,0,0,0,0,0
03/03/2020,0,0,0,0,0,0
04/03/2020,0,0,0,0,0,0
05/03/2020,0,0,0,0,0,0
06/03/2020,0,0,0,0,0,0
07/03/2020,0,0,0,0,0,0
08/03/2020,0,0,0,0,0,0
09/03/2020,0,0,0,0,0,0
10/03/2020,0,0,0,0,0,0
11/03/2020,0,0,0,0,0,0
12/03/2020,0,0,0,0,0,0
13/03/2020,0,0,0,0,0,0
14/03/2020,0,0,0,0,0,0
15/03/2020,0,0,0,0,0,0
16/03/2020,0,0,0,0,0,0
17/03/2020,0,0,0,0,0,0
18/03/2020,0,0,0,0,0,0
19/03/2020,0,0,0,0,0,0
20/03/2020,0,0,0,0,0,0
21/03/2020,0,0,0,0,0,0
22/03/2020,0,0,0,0,0,0
23/03/2020,0,0,0,0,0,0
24/03/2020,0,0,0,0,0,0
25/03/2020,0,0,0,0,0,0
26/03/2020,0,0,0,0,0,0
27/03/2020,0,0,0,0,0,0
28/03/2020,0,0,0,0,0,0
29/03/2020,0,0,0,0,0,0
30/03/2020,0,0,0,0,0,0
31/03/2020,0,0,0,0,0,0
01/04/2020,0,0,0,0,0,0
02/04/2020,0,0,0,0,0,0
03/04/2020,0,0,0,0,0,0
04/04/2020,0,0,0,0,0,0
05/04/2020,0,0,0,0,0,0
06/04/2020,0,0,0,0,0,0
07/04/2020,0,0,0,0,0,0
08/04/2020,3,3,3,3,0,0
09/04/2020,1,4,1,4,0,0
10/04/2020,0,4,0,4,0,0
11/04/2020,1,5,1,5,0,0
12/04/2020,0,5,0,5,0,0
13/04/2020,0,5,0,5,0,0
14/04/2020,0,5,0,5,0,0
15/04/2020,0,5,0,5,0,0
16/04/2020,2,7,1,6,1,1
17/04/2020,0,7,0,6,0,1
18/04/2020,0,7,0,6,0,1
19/04/2020,0,7,0,6,0,1
20/04/2020,0,7,0,6,0,1
21/04/2020,2,9,2,8,0,1
22/04/2020,0,9,0,8,0,1
23/04/2020,0,9,0,8,0,1
24/04/2020,1,10,1,9,0,1
25/04/2020,0,10,0,9,0,1
26/04/2020,1,11,1,10,0,1
27/04/2020,0,11,0,10,0,1
28/04/2020,0,11,0,10,0,1
29/04/2020,0,11,0,10,0,1
30/04/2020,0,11,0,10,0,1
01/05/2020,6,17,4,14,0,1
02/05/2020,0,17,0,14,0,1
03/05/2020,0,17,0,14,0,1
04/05/2020,2,19,2,16,0,1
05/05/2020,0,19,0,16,0,1
06/05/2020,0,19,0,16,0,1
07/05/2020,5,24,5,21,0,1
08/05/2020,3,27,3,24,0,1
09/05/2020,0,27,0,24,0,1
10/05/2020,0,27,0,24,0,1
11/05/2020,0,27,0,24,0,1
12/05/2020,0,27,0,24,0,1
13/05/2020,2,29,2,26,0,1
14/05/2020,1,30,0,26,1,2
15/05/2020,1,31,1,27,0,2
16/05/2020,0,31,0,27,0,2
17/05/2020,1,32,1,28,0,2
18/05/2020,1,33,1,29,0,2
19/05/2020,0,33,0,29,0,2
20/05/2020,2,35,2,31,0,2
21/05/2020,0,35,0,31,0,2
22/05/2020,1,36,1,32,0,2
23/05/2020,1,37,0,32,0,2
24/05/2020,1,38,1,33,0,2
25/05/2020,1,39,1,34,0,2
26/05/2020,1,40,1,35,0,2
27/05/2020,0,40,0,35,0,2
28/05/2020,1,41,1,36,0,2
29/05/2020,0,41,0,36,0,2
30/05/2020,2,43,2,38,0,2
31/05/2020,6,49,6,44,0,2
01/06/2020,0,49,0,44,0,2
02/06/2020,3,52,3,47,0,2
03/06/2020,0,52,0,47,0,2
04/06/2020,0,52,0,47,0,2
05/06/2020,3,55,3,50,0,2
06/06/2020,5,60,5,55,0,2
07/06/2020,2,62,1,56,1,3
08/06/2020,7,69,7,63,0,3
09/06/2020,1,70,1,64,0,3
10/06/2020,1,71,1,65,0,3
11/06/2020,1,72,1,66,0,3
12/06/2020,1,73,0,66,0,3
13/06/2020,0,73,0,66,0,3
14/06/2020,1,74,1,67,0,3
15/06/2020,3,77,3,70,0,3
16/06/2020,2,79,2,72,0,3
17/06/2020,2,81,2,74,0,3
18/06/2020,4,85,4,78,0,3
19/06/2020,12,97,12,90,0,3
20/06/2020,3,100,1,91,0,3
21/06/2020,1,101,1,92,0,3
22/06/2020,1,102,1,93,0,3
23/06/2020,4,106,4,97,0,3
24/06/2020,5,111,5,102,0,3
25/06/2020,2,113,2,104,0,3
26/06/2020,6,119,5,109,0,3
27/06/2020,5,124,4,113,0,3
28/06/2020,10,134,9,122,0,3
29/06/2020,0,134,0,122,0,3
30/06/2020,7,141,6,128,0,3
01/07/2020,4,145,2,130,0,3
02/07/2020,3,148,3,133,0,3
03/07/2020,0,148,0,133,0,3
04/07/2020,9,157,8,141,0,3
05/07/2020,4,161,3,144,1,4
06/07/2020,10,171,9,153,0,4
07/07/2020,10,181,8,161,1,5
08/07/2020,6,187,6,167,0,5
09/07/2020,17,204,16,183,0,5
10/07/2020,6,210,5,188,0,5
11/07/2020,2,212,1,189,0,5
12/07/2020,5,217,3,192,0,5
13/07/2020,2,219,2,194,0,5
14/07/2020,7,226,7,201,0,5
15/07/2020,13,239,7,208,1,6
16/07/2020,12,251,9,217,2,8
17/07/2020,13,264,9,226,1,9
18/07/2020,11,275,8,234,1,10
19/07/2020,23,298,20,254,0,10
20/07/2020,11,309,8,262,1,11
21/07/2020,19,328,7,269,0,11
22/07/2020,14,342,12,281,0,11
23/07/2020,18,360,11,292,0,11
24/07/2020,8,368,2,294,1,12
25/07/2020,7,375,3,297,0,12
26/07/2020,22,397,11,308,0,12
27/07/2020,7,404,3,311,0,12
28/07/2020,20,424,1,312,1,13
29/07/2020,5,429,0,312,1,14
30/07/2020,28,457,4,316,0,14
31/07/2020,17,474,3,319,0,14
01/08/2020,35,509,5,324,2,16
02/08/2020,27,536,1,325,2,18
03/08/2020,14,550,1,326,0,18
04/08/2020,7,557,0,326,0,18
05/08/2020,38,595,0,326,1,19
06/08/2020,54,649,0,326,1,20
07/08/2020,21,670,0,326,0,20
08/08/2020,16,686,0,326,0,20
09/08/2020,14,700,0,326,0,20
10/08/2020,0,700,0,326,0,20
