date,total_reported,accum_reported,total_recupered,accum_recupered,total_deceased,accum_deceased
01/03/2020,0,0,0,0,0,0
02/03/2020,0,0,0,0,0,0
03/03/2020,0,0,0,0,0,0
04/03/2020,0,0,0,0,0,0
05/03/2020,0,0,0,0,0,0
06/03/2020,0,0,0,0,0,0
07/03/2020,0,0,0,0,0,0
08/03/2020,0,0,0,0,0,0
09/03/2020,0,0,0,0,0,0
10/03/2020,0,0,0,0,0,0
11/03/2020,0,0,0,0,0,0
12/03/2020,0,0,0,0,0,0
13/03/2020,0,0,0,0,0,0
14/03/2020,0,0,0,0,0,0
15/03/2020,0,0,0,0,0,0
16/03/2020,0,0,0,0,0,0
17/03/2020,0,0,0,0,0,0
18/03/2020,0,0,0,0,0,0
19/03/2020,0,0,0,0,0,0
20/03/2020,1,1,1,1,0,0
21/03/2020,1,2,1,2,0,0
22/03/2020,0,2,0,2,0,0
23/03/2020,1,3,1,3,0,0
24/03/2020,0,3,0,3,0,0
25/03/2020,0,3,0,3,0,0
26/03/2020,0,3,0,3,0,0
27/03/2020,0,3,0,3,0,0
28/03/2020,0,3,0,3,0,0
29/03/2020,0,3,0,3,0,0
30/03/2020,1,4,1,4,0,0
31/03/2020,1,5,1,5,0,0
01/04/2020,0,5,0,5,0,0
02/04/2020,0,5,0,5,0,0
03/04/2020,0,5,0,5,0,0
04/04/2020,3,8,3,8,0,0
05/04/2020,0,8,0,8,0,0
06/04/2020,1,9,1,9,0,0
07/04/2020,0,9,0,9,0,0
08/04/2020,2,11,2,11,0,0
09/04/2020,1,12,1,12,0,0
10/04/2020,1,13,1,13,0,0
11/04/2020,5,18,5,18,0,0
12/04/2020,3,21,3,21,0,0
13/04/2020,1,22,1,22,0,0
14/04/2020,1,23,1,23,0,0
15/04/2020,0,23,0,23,0,0
16/04/2020,0,23,0,23,0,0
17/04/2020,0,23,0,23,0,0
18/04/2020,0,23,0,23,0,0
19/04/2020,1,24,1,24,0,0
20/04/2020,0,24,0,24,0,0
21/04/2020,1,25,1,25,0,0
22/04/2020,0,25,0,25,0,0
23/04/2020,0,25,0,25,0,0
24/04/2020,0,25,0,25,0,0
25/04/2020,0,25,0,25,0,0
26/04/2020,0,25,0,25,0,0
27/04/2020,0,25,0,25,0,0
28/04/2020,1,26,1,26,0,0
29/04/2020,1,27,1,27,0,0
30/04/2020,0,27,0,27,0,0
01/05/2020,0,27,0,27,0,0
02/05/2020,0,27,0,27,0,0
03/05/2020,0,27,0,27,0,0
04/05/2020,0,27,0,27,0,0
05/05/2020,0,27,0,27,0,0
06/05/2020,0,27,0,27,0,0
07/05/2020,0,27,0,27,0,0
08/05/2020,0,27,0,27,0,0
09/05/2020,0,27,0,27,0,0
10/05/2020,0,27,0,27,0,0
11/05/2020,1,28,1,28,0,0
12/05/2020,1,29,1,29,0,0
13/05/2020,0,29,0,29,0,0
14/05/2020,0,29,0,29,0,0
15/05/2020,0,29,0,29,0,0
16/05/2020,1,30,1,30,0,0
17/05/2020,1,31,1,31,0,0
18/05/2020,0,31,0,31,0,0
19/05/2020,2,33,2,33,0,0
20/05/2020,0,33,0,33,0,0
21/05/2020,0,33,0,33,0,0
22/05/2020,0,33,0,33,0,0
23/05/2020,0,33,0,33,0,0
24/05/2020,1,34,1,34,0,0
25/05/2020,1,35,1,35,0,0
26/05/2020,1,36,1,36,0,0
27/05/2020,1,37,1,37,0,0
28/05/2020,5,42,5,42,0,0
29/05/2020,3,45,3,45,0,0
30/05/2020,0,45,0,45,0,0
31/05/2020,1,46,1,46,0,0
01/06/2020,3,49,3,49,0,0
02/06/2020,1,50,1,50,0,0
03/06/2020,5,55,5,55,0,0
04/06/2020,4,59,4,59,0,0
05/06/2020,1,60,1,60,0,0
06/06/2020,2,62,2,62,0,0
07/06/2020,0,62,0,62,0,0
08/06/2020,1,63,1,63,0,0
09/06/2020,0,63,0,63,0,0
10/06/2020,0,63,0,63,0,0
11/06/2020,2,65,2,65,0,0
12/06/2020,2,67,1,66,1,1
13/06/2020,7,74,6,72,0,1
14/06/2020,0,74,0,72,0,1
15/06/2020,0,74,0,72,0,1
16/06/2020,2,76,2,74,0,1
17/06/2020,2,78,1,75,0,1
18/06/2020,7,85,7,82,0,1
19/06/2020,4,89,4,86,0,1
20/06/2020,1,90,1,87,0,1
21/06/2020,2,92,1,88,0,1
22/06/2020,0,92,0,88,0,1
23/06/2020,2,94,1,89,0,1
24/06/2020,6,100,5,94,0,1
25/06/2020,5,105,3,97,1,2
26/06/2020,3,108,3,100,0,2
27/06/2020,4,112,2,102,0,2
28/06/2020,0,112,0,102,0,2
29/06/2020,0,112,0,102,0,2
30/06/2020,9,121,9,111,0,2
01/07/2020,3,124,3,114,0,2
02/07/2020,15,139,13,127,0,2
03/07/2020,3,142,3,130,0,2
04/07/2020,4,146,3,133,1,3
05/07/2020,2,148,2,135,0,3
06/07/2020,1,149,1,136,0,3
07/07/2020,6,155,6,142,0,3
08/07/2020,3,158,2,144,1,4
09/07/2020,29,187,23,167,1,5
10/07/2020,14,201,12,179,0,5
11/07/2020,5,206,5,184,0,5
12/07/2020,3,209,2,186,0,5
13/07/2020,2,211,2,188,0,5
14/07/2020,9,220,6,194,0,5
15/07/2020,8,228,7,201,0,5
16/07/2020,32,260,20,221,2,7
17/07/2020,10,270,7,228,0,7
18/07/2020,16,286,9,237,2,9
19/07/2020,2,288,2,239,0,9
20/07/2020,15,303,11,250,0,9
21/07/2020,9,312,0,250,0,9
22/07/2020,22,334,1,251,0,9
23/07/2020,16,350,0,251,0,9
24/07/2020,20,370,7,258,0,9
25/07/2020,3,373,1,259,0,9
26/07/2020,13,386,1,260,1,10
27/07/2020,7,393,0,260,1,11
28/07/2020,23,416,5,265,0,11
29/07/2020,25,441,0,265,0,11
30/07/2020,57,498,1,266,1,12
31/07/2020,11,509,0,266,0,12
01/08/2020,32,541,13,279,0,12
02/08/2020,37,578,0,279,0,12
03/08/2020,14,592,0,279,0,12
04/08/2020,0,592,0,279,0,12
05/08/2020,0,592,0,279,0,12
