date,total_reported,accum_reported,total_recupered,accum_recupered,total_deceased,accum_deceased
01/03/2020,0,0,0,0,0,0
02/03/2020,0,0,0,0,0,0
03/03/2020,0,0,0,0,0,0
04/03/2020,0,0,0,0,0,0
05/03/2020,0,0,0,0,0,0
06/03/2020,0,0,0,0,0,0
07/03/2020,0,0,0,0,0,0
08/03/2020,0,0,0,0,0,0
09/03/2020,0,0,0,0,0,0
10/03/2020,0,0,0,0,0,0
11/03/2020,0,0,0,0,0,0
12/03/2020,0,0,0,0,0,0
13/03/2020,1,1,1,1,0,0
14/03/2020,0,1,0,1,0,0
15/03/2020,0,1,0,1,0,0
16/03/2020,0,1,0,1,0,0
17/03/2020,0,1,0,1,0,0
18/03/2020,0,1,0,1,0,0
19/03/2020,0,1,0,1,0,0
20/03/2020,0,1,0,1,0,0
21/03/2020,0,1,0,1,0,0
22/03/2020,0,1,0,1,0,0
23/03/2020,4,5,4,5,0,0
24/03/2020,2,7,2,7,0,0
25/03/2020,1,8,1,8,0,0
26/03/2020,0,8,0,8,0,0
27/03/2020,0,8,0,8,0,0
28/03/2020,0,8,0,8,0,0
29/03/2020,0,8,0,8,0,0
30/03/2020,0,8,0,8,0,0
31/03/2020,3,11,3,11,0,0
01/04/2020,1,12,1,12,0,0
02/04/2020,0,12,0,12,0,0
03/04/2020,1,13,0,12,1,1
04/04/2020,0,13,0,12,0,1
05/04/2020,0,13,0,12,0,1
06/04/2020,0,13,0,12,0,1
07/04/2020,0,13,0,12,0,1
08/04/2020,0,13,0,12,0,1
09/04/2020,1,14,1,13,0,1
10/04/2020,1,15,0,13,1,2
11/04/2020,5,20,3,16,2,4
12/04/2020,0,20,0,16,0,4
13/04/2020,2,22,2,18,0,4
14/04/2020,15,37,15,33,0,4
15/04/2020,0,37,0,33,0,4
16/04/2020,5,42,5,38,0,4
17/04/2020,2,44,2,40,0,4
18/04/2020,1,45,1,41,0,4
19/04/2020,6,51,6,47,0,4
20/04/2020,4,55,4,51,0,4
21/04/2020,2,57,2,53,0,4
22/04/2020,40,97,40,93,0,4
23/04/2020,32,129,31,124,1,5
24/04/2020,26,155,26,150,0,5
25/04/2020,23,178,23,173,0,5
26/04/2020,44,222,44,217,0,5
27/04/2020,16,238,16,233,0,5
28/04/2020,104,342,104,337,0,5
29/04/2020,4,346,3,340,1,6
30/04/2020,8,354,8,348,0,6
01/05/2020,103,457,103,451,0,6
02/05/2020,4,461,4,455,0,6
03/05/2020,85,546,85,540,0,6
04/05/2020,0,546,0,540,0,6
05/05/2020,154,700,154,694,0,6
06/05/2020,20,720,20,714,0,6
07/05/2020,17,737,17,731,0,6
08/05/2020,76,813,76,807,0,6
09/05/2020,63,876,63,870,0,6
10/05/2020,24,900,24,894,0,6
11/05/2020,4,904,4,898,0,6
12/05/2020,8,912,7,905,1,7
13/05/2020,2,914,2,907,0,7
14/05/2020,1,915,1,908,0,7
15/05/2020,0,915,0,908,0,7
16/05/2020,3,918,3,911,0,7
17/05/2020,2,920,1,912,0,7
18/05/2020,2,922,2,914,0,7
19/05/2020,2,924,2,916,0,7
20/05/2020,9,933,9,925,0,7
21/05/2020,1,934,1,926,0,7
22/05/2020,1,935,1,927,0,7
23/05/2020,0,935,0,927,0,7
24/05/2020,0,935,0,927,0,7
25/05/2020,1,936,1,928,0,7
26/05/2020,2,938,2,930,0,7
27/05/2020,0,938,0,930,0,7
28/05/2020,1,939,1,931,0,7
29/05/2020,1,940,0,931,1,8
30/05/2020,0,940,0,931,0,8
31/05/2020,0,940,0,931,0,8
01/06/2020,0,940,0,931,0,8
02/06/2020,1,941,1,932,0,8
03/06/2020,1,942,1,933,0,8
04/06/2020,1,943,1,934,0,8
05/06/2020,2,945,2,936,0,8
06/06/2020,1,946,0,936,1,9
07/06/2020,1,947,1,937,0,9
08/06/2020,1,948,1,938,0,9
09/06/2020,6,954,6,944,0,9
10/06/2020,2,956,2,946,0,9
11/06/2020,2,958,2,948,0,9
12/06/2020,6,964,6,954,0,9
13/06/2020,1,965,1,955,0,9
14/06/2020,1,966,1,956,0,9
15/06/2020,8,974,8,964,0,9
16/06/2020,1,975,1,965,0,9
17/06/2020,3,978,3,968,0,9
18/06/2020,3,981,3,971,0,9
19/06/2020,16,997,15,986,1,10
20/06/2020,10,1007,10,996,0,10
21/06/2020,30,1037,29,1025,0,10
22/06/2020,1,1038,1,1026,0,10
23/06/2020,25,1063,24,1050,1,11
24/06/2020,18,1081,18,1068,0,11
25/06/2020,13,1094,13,1081,0,11
26/06/2020,5,1099,4,1085,0,11
27/06/2020,12,1111,12,1097,0,11
28/06/2020,16,1127,16,1113,0,11
29/06/2020,6,1133,6,1119,0,11
30/06/2020,21,1154,20,1139,0,11
01/07/2020,21,1175,19,1158,0,11
02/07/2020,17,1192,17,1175,0,11
03/07/2020,12,1204,12,1187,0,11
04/07/2020,14,1218,13,1200,0,11
05/07/2020,14,1232,14,1214,0,11
06/07/2020,6,1238,6,1220,0,11
07/07/2020,21,1259,20,1240,0,11
08/07/2020,17,1276,17,1257,0,11
09/07/2020,12,1288,10,1267,0,11
10/07/2020,59,1347,58,1325,1,12
11/07/2020,33,1380,33,1358,0,12
12/07/2020,27,1407,19,1377,1,13
13/07/2020,7,1414,5,1382,0,13
14/07/2020,49,1463,36,1418,1,14
15/07/2020,29,1492,25,1443,0,14
16/07/2020,65,1557,23,1466,2,16
17/07/2020,44,1601,37,1503,1,17
18/07/2020,53,1654,42,1545,1,18
19/07/2020,37,1691,21,1566,0,18
20/07/2020,34,1725,25,1591,1,19
21/07/2020,22,1747,7,1598,1,20
22/07/2020,58,1805,22,1620,0,20
23/07/2020,41,1846,8,1628,0,20
24/07/2020,21,1867,0,1628,1,21
25/07/2020,104,1971,1,1629,3,24
26/07/2020,23,1994,6,1635,1,25
27/07/2020,23,2017,0,1635,1,26
28/07/2020,58,2075,1,1636,0,26
29/07/2020,87,2162,7,1643,0,26
30/07/2020,133,2295,4,1647,3,29
31/07/2020,118,2413,1,1648,1,30
01/08/2020,82,2495,1,1649,1,31
02/08/2020,59,2554,0,1649,0,31
03/08/2020,0,2554,0,1649,0,31
