date,total_reported,accum_reported,total_recupered,accum_recupered,total_deceased,accum_deceased
01/03/2020,0,0,0,0,0,0
02/03/2020,0,0,0,0,0,0
03/03/2020,0,0,0,0,0,0
04/03/2020,0,0,0,0,0,0
05/03/2020,0,0,0,0,0,0
06/03/2020,0,0,0,0,0,0
07/03/2020,0,0,0,0,0,0
08/03/2020,0,0,0,0,0,0
09/03/2020,0,0,0,0,0,0
10/03/2020,0,0,0,0,0,0
11/03/2020,0,0,0,0,0,0
12/03/2020,0,0,0,0,0,0
13/03/2020,0,0,0,0,0,0
14/03/2020,0,0,0,0,0,0
15/03/2020,0,0,0,0,0,0
16/03/2020,0,0,0,0,0,0
17/03/2020,0,0,0,0,0,0
18/03/2020,0,0,0,0,0,0
19/03/2020,0,0,0,0,0,0
20/03/2020,2,2,1,1,1,1
21/03/2020,0,2,0,1,0,1
22/03/2020,0,2,0,1,0,1
23/03/2020,1,3,1,2,0,1
24/03/2020,0,3,0,2,0,1
25/03/2020,1,4,1,3,0,1
26/03/2020,0,4,0,3,0,1
27/03/2020,3,7,3,6,0,1
28/03/2020,0,7,0,6,0,1
29/03/2020,0,7,0,6,0,1
30/03/2020,0,7,0,6,0,1
31/03/2020,2,9,2,8,0,1
01/04/2020,2,11,2,10,0,1
02/04/2020,0,11,0,10,0,1
03/04/2020,0,11,0,10,0,1
04/04/2020,0,11,0,10,0,1
05/04/2020,0,11,0,10,0,1
06/04/2020,0,11,0,10,0,1
07/04/2020,0,11,0,10,0,1
08/04/2020,14,25,12,22,2,3
09/04/2020,4,29,2,24,2,5
10/04/2020,9,38,6,30,3,8
11/04/2020,13,51,10,40,3,11
12/04/2020,3,54,3,43,0,11
13/04/2020,5,59,4,47,0,11
14/04/2020,0,59,0,47,0,11
15/04/2020,4,63,4,51,0,11
16/04/2020,7,70,6,57,1,12
17/04/2020,1,71,1,58,0,12
18/04/2020,0,71,0,58,0,12
19/04/2020,0,71,0,58,0,12
20/04/2020,3,74,2,60,1,13
21/04/2020,15,89,13,73,0,13
22/04/2020,8,97,7,80,1,14
23/04/2020,19,116,15,95,3,17
24/04/2020,5,121,4,99,1,18
25/04/2020,3,124,3,102,0,18
26/04/2020,8,132,8,110,0,18
27/04/2020,3,135,3,113,0,18
28/04/2020,2,137,2,115,0,18
29/04/2020,2,139,2,117,0,18
30/04/2020,15,154,14,131,1,19
01/05/2020,11,165,10,141,0,19
02/05/2020,6,171,6,147,0,19
03/05/2020,1,172,1,148,0,19
04/05/2020,3,175,2,150,0,19
05/05/2020,13,188,10,160,2,21
06/05/2020,0,188,0,160,0,21
07/05/2020,1,189,1,161,0,21
08/05/2020,2,191,2,163,0,21
09/05/2020,0,191,0,163,0,21
10/05/2020,3,194,3,166,0,21
11/05/2020,1,195,1,167,0,21
12/05/2020,5,200,5,172,0,21
13/05/2020,6,206,6,178,0,21
14/05/2020,16,222,15,193,1,22
15/05/2020,8,230,8,201,0,22
16/05/2020,13,243,13,214,0,22
17/05/2020,0,243,0,214,0,22
18/05/2020,1,244,1,215,0,22
19/05/2020,2,246,2,217,0,22
20/05/2020,5,251,5,222,0,22
21/05/2020,7,258,7,229,0,22
22/05/2020,9,267,9,238,0,22
23/05/2020,1,268,1,239,0,22
24/05/2020,3,271,3,242,0,22
25/05/2020,5,276,5,247,0,22
26/05/2020,15,291,14,261,1,23
27/05/2020,10,301,9,270,1,24
28/05/2020,7,308,6,276,1,25
29/05/2020,3,311,3,279,0,25
30/05/2020,18,329,18,297,0,25
31/05/2020,12,341,12,309,0,25
01/06/2020,14,355,14,323,0,25
02/06/2020,9,364,9,332,0,25
03/06/2020,25,389,24,356,0,25
04/06/2020,7,396,7,363,0,25
05/06/2020,9,405,8,371,1,26
06/06/2020,14,419,13,384,1,27
07/06/2020,2,421,2,386,0,27
08/06/2020,14,435,11,397,2,29
09/06/2020,8,443,6,403,1,30
10/06/2020,8,451,7,410,1,31
11/06/2020,0,451,0,410,0,31
12/06/2020,7,458,7,417,0,31
13/06/2020,21,479,14,431,1,32
14/06/2020,8,487,8,439,0,32
15/06/2020,9,496,7,446,0,32
16/06/2020,15,511,14,460,1,33
17/06/2020,19,530,16,476,3,36
18/06/2020,36,566,23,499,7,43
19/06/2020,21,587,19,518,0,43
20/06/2020,24,611,20,538,0,43
21/06/2020,53,664,47,585,1,44
22/06/2020,12,676,8,593,0,44
23/06/2020,24,700,21,614,0,44
24/06/2020,49,749,44,658,2,46
25/06/2020,41,790,37,695,1,47
26/06/2020,39,829,36,731,2,49
27/06/2020,50,879,44,775,3,52
28/06/2020,73,952,65,840,3,55
29/06/2020,14,966,14,854,0,55
30/06/2020,41,1007,34,888,4,59
01/07/2020,34,1041,30,918,2,61
02/07/2020,52,1093,42,960,3,64
03/07/2020,22,1115,15,975,3,67
04/07/2020,46,1161,44,1019,0,67
05/07/2020,19,1180,17,1036,1,68
06/07/2020,48,1228,44,1080,0,68
07/07/2020,92,1320,82,1162,3,71
08/07/2020,23,1343,16,1178,1,72
09/07/2020,114,1457,83,1261,9,81
10/07/2020,67,1524,47,1308,2,83
11/07/2020,79,1603,47,1355,4,87
12/07/2020,25,1628,19,1374,1,88
13/07/2020,69,1697,32,1406,1,89
14/07/2020,63,1760,11,1417,2,91
15/07/2020,24,1784,7,1424,0,91
16/07/2020,183,1967,92,1516,5,96
17/07/2020,250,2217,218,1734,1,97
18/07/2020,240,2457,174,1908,10,107
19/07/2020,159,2616,42,1950,9,116
20/07/2020,104,2720,13,1963,9,125
21/07/2020,121,2841,5,1968,3,128
22/07/2020,70,2911,3,1971,3,131
23/07/2020,60,2971,11,1982,2,133
24/07/2020,28,2999,3,1985,2,135
25/07/2020,45,3044,1,1986,2,137
26/07/2020,286,3330,6,1992,2,139
27/07/2020,101,3431,4,1996,2,141
28/07/2020,169,3600,0,1996,1,142
29/07/2020,133,3733,0,1996,0,142
30/07/2020,0,3733,0,1996,0,142
31/07/2020,0,3733,0,1996,0,142
