date,total_reported,accum_reported,total_recupered,accum_recupered,total_deceased,accum_deceased
01/03/2020,0,0,0,0,0,0
02/03/2020,0,0,0,0,0,0
03/03/2020,0,0,0,0,0,0
04/03/2020,0,0,0,0,0,0
05/03/2020,0,0,0,0,0,0
06/03/2020,0,0,0,0,0,0
07/03/2020,0,0,0,0,0,0
08/03/2020,0,0,0,0,0,0
09/03/2020,0,0,0,0,0,0
10/03/2020,0,0,0,0,0,0
11/03/2020,0,0,0,0,0,0
12/03/2020,0,0,0,0,0,0
13/03/2020,1,1,1,1,0,0
14/03/2020,0,1,0,1,0,0
15/03/2020,0,1,0,1,0,0
16/03/2020,2,3,2,3,0,0
17/03/2020,5,8,5,8,0,0
18/03/2020,0,8,0,8,0,0
19/03/2020,0,8,0,8,0,0
20/03/2020,1,9,1,9,0,0
21/03/2020,6,15,6,15,0,0
22/03/2020,4,19,4,19,0,0
23/03/2020,3,22,2,21,1,1
24/03/2020,23,45,23,44,0,1
25/03/2020,1,46,1,45,0,1
26/03/2020,2,48,2,47,0,1
27/03/2020,0,48,0,47,0,1
28/03/2020,8,56,6,53,1,2
29/03/2020,7,63,6,59,1,3
30/03/2020,7,70,5,64,2,5
31/03/2020,8,78,8,72,0,5
01/04/2020,23,101,22,94,0,5
02/04/2020,2,103,2,96,0,5
03/04/2020,13,116,10,106,2,7
04/04/2020,14,130,12,118,2,9
05/04/2020,14,144,14,132,0,9
06/04/2020,9,153,8,140,1,10
07/04/2020,13,166,10,150,3,13
08/04/2020,71,237,66,216,5,18
09/04/2020,31,268,26,242,4,22
10/04/2020,63,331,56,298,4,26
11/04/2020,45,376,36,334,8,34
12/04/2020,6,382,6,340,0,34
13/04/2020,5,387,5,345,0,34
14/04/2020,12,399,11,356,1,35
15/04/2020,15,414,14,370,1,36
16/04/2020,18,432,17,387,1,37
17/04/2020,30,462,28,415,1,38
18/04/2020,12,474,9,424,2,40
19/04/2020,9,483,9,433,0,40
20/04/2020,38,521,36,469,2,42
21/04/2020,24,545,19,488,1,43
22/04/2020,23,568,22,510,1,44
23/04/2020,33,601,30,540,2,46
24/04/2020,17,618,15,555,2,48
25/04/2020,16,634,16,571,0,48
26/04/2020,19,653,16,587,0,48
27/04/2020,6,659,6,593,0,48
28/04/2020,29,688,21,614,7,55
29/04/2020,20,708,18,632,0,55
30/04/2020,37,745,32,664,2,57
01/05/2020,48,793,44,708,1,58
02/05/2020,41,834,38,746,0,58
03/05/2020,2,836,2,748,0,58
04/05/2020,26,862,25,773,0,58
05/05/2020,28,890,23,796,4,62
06/05/2020,39,929,36,832,1,63
07/05/2020,38,967,34,866,2,65
08/05/2020,36,1003,31,897,2,67
09/05/2020,51,1054,45,942,4,71
10/05/2020,10,1064,9,951,1,72
11/05/2020,26,1090,23,974,2,74
12/05/2020,27,1117,26,1000,0,74
13/05/2020,52,1169,46,1046,5,79
14/05/2020,64,1233,59,1105,3,82
15/05/2020,39,1272,38,1143,0,82
16/05/2020,61,1333,54,1197,7,89
17/05/2020,70,1403,65,1262,5,94
18/05/2020,25,1428,17,1279,4,98
19/05/2020,80,1508,76,1355,3,101
20/05/2020,66,1574,62,1417,3,104
21/05/2020,57,1631,54,1471,2,106
22/05/2020,105,1736,96,1567,6,112
23/05/2020,80,1816,73,1640,4,116
24/05/2020,89,1905,87,1727,2,118
25/05/2020,44,1949,43,1770,0,118
26/05/2020,135,2084,124,1894,3,121
27/05/2020,112,2196,110,2004,2,123
28/05/2020,110,2306,105,2109,3,126
29/05/2020,96,2402,82,2191,11,137
30/05/2020,144,2546,132,2323,4,141
31/05/2020,65,2611,62,2385,1,142
01/06/2020,80,2691,69,2454,5,147
02/06/2020,79,2770,69,2523,7,154
03/06/2020,130,2900,110,2633,11,165
04/06/2020,82,2982,74,2707,4,169
05/06/2020,116,3098,101,2808,5,174
06/06/2020,123,3221,113,2921,2,176
07/06/2020,47,3268,39,2960,5,181
08/06/2020,166,3434,153,3113,6,187
09/06/2020,116,3550,111,3224,1,188
10/06/2020,111,3661,95,3319,4,192
11/06/2020,221,3882,210,3529,3,195
12/06/2020,110,3992,100,3629,3,198
13/06/2020,144,4136,126,3755,9,207
14/06/2020,161,4297,150,3905,3,210
15/06/2020,178,4475,157,4062,8,218
16/06/2020,128,4603,107,4169,6,224
17/06/2020,168,4771,154,4323,8,232
18/06/2020,222,4993,199,4522,11,243
19/06/2020,165,5158,136,4658,15,258
20/06/2020,160,5318,141,4799,4,262
21/06/2020,203,5521,193,4992,4,266
22/06/2020,108,5629,101,5093,3,269
23/06/2020,190,5819,162,5255,9,278
24/06/2020,316,6135,276,5531,17,295
25/06/2020,283,6418,249,5780,9,304
26/06/2020,209,6627,190,5970,8,312
27/06/2020,267,6894,224,6194,8,320
28/06/2020,129,7023,109,6303,4,324
29/06/2020,92,7115,75,6378,3,327
30/06/2020,258,7373,235,6613,11,338
01/07/2020,424,7797,367,6980,18,356
02/07/2020,300,8097,256,7236,10,366
03/07/2020,247,8344,227,7463,4,370
04/07/2020,379,8723,315,7778,17,387
05/07/2020,142,8865,116,7894,9,396
06/07/2020,179,9044,161,8055,4,400
07/07/2020,264,9308,217,8272,16,416
08/07/2020,313,9621,277,8549,9,425
09/07/2020,396,10017,307,8856,31,456
10/07/2020,455,10472,409,9265,16,472
11/07/2020,217,10689,186,9451,7,479
12/07/2020,194,10883,165,9616,9,488
13/07/2020,233,11116,195,9811,8,496
14/07/2020,274,11390,229,10040,8,504
15/07/2020,463,11853,400,10440,21,525
16/07/2020,299,12152,235,10675,12,537
17/07/2020,390,12542,326,11001,20,557
18/07/2020,569,13111,486,11487,9,566
19/07/2020,172,13283,159,11646,5,571
20/07/2020,365,13648,302,11948,10,581
21/07/2020,318,13966,203,12151,20,601
22/07/2020,624,14590,438,12589,24,625
23/07/2020,595,15185,378,12967,19,644
24/07/2020,393,15578,115,13082,16,660
25/07/2020,388,15966,105,13187,17,677
26/07/2020,522,16488,239,13426,13,690
27/07/2020,421,16909,247,13673,15,705
28/07/2020,535,17444,195,13868,18,723
29/07/2020,319,17763,59,13927,14,737
30/07/2020,702,18465,141,14068,20,757
31/07/2020,575,19040,87,14155,12,769
01/08/2020,787,19827,160,14315,29,798
02/08/2020,498,20325,45,14360,15,813
03/08/2020,776,21101,92,14452,13,826
04/08/2020,361,21462,5,14457,14,840
05/08/2020,818,22280,0,14457,7,847
06/08/2020,899,23179,2,14459,16,863
07/08/2020,515,23694,1,14460,6,869
08/08/2020,389,24083,3,14463,6,875
09/08/2020,678,24761,0,14463,0,875
10/08/2020,0,24761,0,14463,0,875
