date,total_reported,accum_reported,total_recupered,accum_recupered,total_deceased,accum_deceased
01/03/2020,0,0,0,0,0,0
02/03/2020,0,0,0,0,0,0
03/03/2020,0,0,0,0,0,0
04/03/2020,0,0,0,0,0,0
05/03/2020,0,0,0,0,0,0
06/03/2020,0,0,0,0,0,0
07/03/2020,0,0,0,0,0,0
08/03/2020,0,0,0,0,0,0
09/03/2020,0,0,0,0,0,0
10/03/2020,0,0,0,0,0,0
11/03/2020,0,0,0,0,0,0
12/03/2020,0,0,0,0,0,0
13/03/2020,0,0,0,0,0,0
14/03/2020,0,0,0,0,0,0
15/03/2020,0,0,0,0,0,0
16/03/2020,0,0,0,0,0,0
17/03/2020,0,0,0,0,0,0
18/03/2020,0,0,0,0,0,0
19/03/2020,0,0,0,0,0,0
20/03/2020,0,0,0,0,0,0
21/03/2020,0,0,0,0,0,0
22/03/2020,0,0,0,0,0,0
23/03/2020,0,0,0,0,0,0
24/03/2020,0,0,0,0,0,0
25/03/2020,0,0,0,0,0,0
26/03/2020,0,0,0,0,0,0
27/03/2020,0,0,0,0,0,0
28/03/2020,0,0,0,0,0,0
29/03/2020,0,0,0,0,0,0
30/03/2020,0,0,0,0,0,0
31/03/2020,0,0,0,0,0,0
01/04/2020,0,0,0,0,0,0
02/04/2020,0,0,0,0,0,0
03/04/2020,0,0,0,0,0,0
04/04/2020,0,0,0,0,0,0
05/04/2020,0,0,0,0,0,0
06/04/2020,0,0,0,0,0,0
07/04/2020,0,0,0,0,0,0
08/04/2020,0,0,0,0,0,0
09/04/2020,0,0,0,0,0,0
10/04/2020,0,0,0,0,0,0
11/04/2020,1,1,1,1,0,0
12/04/2020,0,1,0,1,0,0
13/04/2020,0,1,0,1,0,0
14/04/2020,0,1,0,1,0,0
15/04/2020,0,1,0,1,0,0
16/04/2020,0,1,0,1,0,0
17/04/2020,0,1,0,1,0,0
18/04/2020,0,1,0,1,0,0
19/04/2020,1,2,1,2,0,0
20/04/2020,0,2,0,2,0,0
21/04/2020,0,2,0,2,0,0
22/04/2020,0,2,0,2,0,0
23/04/2020,0,2,0,2,0,0
24/04/2020,0,2,0,2,0,0
25/04/2020,0,2,0,2,0,0
26/04/2020,0,2,0,2,0,0
27/04/2020,0,2,0,2,0,0
28/04/2020,0,2,0,2,0,0
29/04/2020,0,2,0,2,0,0
30/04/2020,0,2,0,2,0,0
01/05/2020,0,2,0,2,0,0
02/05/2020,0,2,0,2,0,0
03/05/2020,0,2,0,2,0,0
04/05/2020,0,2,0,2,0,0
05/05/2020,0,2,0,2,0,0
06/05/2020,0,2,0,2,0,0
07/05/2020,0,2,0,2,0,0
08/05/2020,0,2,0,2,0,0
09/05/2020,0,2,0,2,0,0
10/05/2020,0,2,0,2,0,0
11/05/2020,0,2,0,2,0,0
12/05/2020,1,3,1,3,0,0
13/05/2020,0,3,0,3,0,0
14/05/2020,0,3,0,3,0,0
15/05/2020,0,3,0,3,0,0
16/05/2020,0,3,0,3,0,0
17/05/2020,0,3,0,3,0,0
18/05/2020,0,3,0,3,0,0
19/05/2020,0,3,0,3,0,0
20/05/2020,0,3,0,3,0,0
21/05/2020,0,3,0,3,0,0
22/05/2020,0,3,0,3,0,0
23/05/2020,0,3,0,3,0,0
24/05/2020,1,4,1,4,0,0
25/05/2020,0,4,0,4,0,0
26/05/2020,0,4,0,4,0,0
27/05/2020,0,4,0,4,0,0
28/05/2020,0,4,0,4,0,0
29/05/2020,2,6,2,6,0,0
30/05/2020,0,6,0,6,0,0
31/05/2020,0,6,0,6,0,0
01/06/2020,1,7,1,7,0,0
02/06/2020,0,7,0,7,0,0
03/06/2020,0,7,0,7,0,0
04/06/2020,3,10,2,9,0,0
05/06/2020,1,11,1,10,0,0
06/06/2020,1,12,1,11,0,0
07/06/2020,0,12,0,11,0,0
08/06/2020,0,12,0,11,0,0
09/06/2020,0,12,0,11,0,0
10/06/2020,0,12,0,11,0,0
11/06/2020,1,13,0,11,0,0
12/06/2020,0,13,0,11,0,0
13/06/2020,0,13,0,11,0,0
14/06/2020,0,13,0,11,0,0
15/06/2020,0,13,0,11,0,0
16/06/2020,2,15,2,13,0,0
17/06/2020,1,16,1,14,0,0
18/06/2020,3,19,1,15,1,1
19/06/2020,0,19,0,15,0,1
20/06/2020,2,21,2,17,0,1
21/06/2020,2,23,2,19,0,1
22/06/2020,1,24,1,20,0,1
23/06/2020,1,25,1,21,0,1
24/06/2020,1,26,1,22,0,1
25/06/2020,8,34,8,30,0,1
26/06/2020,2,36,2,32,0,1
27/06/2020,6,42,4,36,2,3
28/06/2020,4,46,3,39,0,3
29/06/2020,17,63,7,46,4,7
30/06/2020,1,64,1,47,0,7
01/07/2020,1,65,1,48,0,7
02/07/2020,13,78,5,53,4,11
03/07/2020,2,80,0,53,1,12
04/07/2020,17,97,12,65,1,13
05/07/2020,0,97,0,65,0,13
06/07/2020,6,103,6,71,0,13
07/07/2020,9,112,7,78,0,13
08/07/2020,5,117,2,80,2,15
09/07/2020,23,140,11,91,6,21
10/07/2020,16,156,12,103,0,21
11/07/2020,5,161,5,108,0,21
12/07/2020,4,165,4,112,0,21
13/07/2020,3,168,1,113,1,22
14/07/2020,2,170,1,114,1,23
15/07/2020,2,172,2,116,0,23
16/07/2020,3,175,1,117,1,24
17/07/2020,24,199,18,135,4,28
18/07/2020,11,210,8,143,2,30
19/07/2020,10,220,7,150,3,33
20/07/2020,5,225,2,152,1,34
21/07/2020,2,227,1,153,1,35
22/07/2020,13,240,11,164,2,37
23/07/2020,10,250,6,170,2,39
24/07/2020,10,260,1,171,7,46
25/07/2020,8,268,1,172,4,50
26/07/2020,3,271,1,173,0,50
27/07/2020,39,310,16,189,7,57
28/07/2020,31,341,9,198,3,60
29/07/2020,14,355,3,201,3,63
30/07/2020,19,374,3,204,1,64
31/07/2020,19,393,10,214,0,64
01/08/2020,25,418,2,216,2,66
02/08/2020,57,475,1,217,5,71
03/08/2020,33,508,0,217,3,74
04/08/2020,26,534,0,217,2,76
05/08/2020,19,553,0,217,0,76
06/08/2020,59,612,0,217,0,76
07/08/2020,9,621,0,217,0,76
08/08/2020,0,621,0,217,0,76
09/08/2020,0,621,0,217,0,76
