date,total_reported,accum_reported,total_recupered,accum_recupered,total_deceased,accum_deceased
01/03/2020,0,0,0,0,0,0
02/03/2020,0,0,0,0,0,0
03/03/2020,0,0,0,0,0,0
04/03/2020,0,0,0,0,0,0
05/03/2020,0,0,0,0,0,0
06/03/2020,0,0,0,0,0,0
07/03/2020,0,0,0,0,0,0
08/03/2020,0,0,0,0,0,0
09/03/2020,0,0,0,0,0,0
10/03/2020,0,0,0,0,0,0
11/03/2020,0,0,0,0,0,0
12/03/2020,0,0,0,0,0,0
13/03/2020,0,0,0,0,0,0
14/03/2020,0,0,0,0,0,0
15/03/2020,0,0,0,0,0,0
16/03/2020,0,0,0,0,0,0
17/03/2020,0,0,0,0,0,0
18/03/2020,0,0,0,0,0,0
19/03/2020,0,0,0,0,0,0
20/03/2020,0,0,0,0,0,0
21/03/2020,0,0,0,0,0,0
22/03/2020,0,0,0,0,0,0
23/03/2020,0,0,0,0,0,0
24/03/2020,0,0,0,0,0,0
25/03/2020,0,0,0,0,0,0
26/03/2020,0,0,0,0,0,0
27/03/2020,0,0,0,0,0,0
28/03/2020,0,0,0,0,0,0
29/03/2020,2,2,2,2,0,0
30/03/2020,0,2,0,2,0,0
31/03/2020,0,2,0,2,0,0
01/04/2020,0,2,0,2,0,0
02/04/2020,0,2,0,2,0,0
03/04/2020,0,2,0,2,0,0
04/04/2020,0,2,0,2,0,0
05/04/2020,0,2,0,2,0,0
06/04/2020,0,2,0,2,0,0
07/04/2020,0,2,0,2,0,0
08/04/2020,0,2,0,2,0,0
09/04/2020,0,2,0,2,0,0
10/04/2020,0,2,0,2,0,0
11/04/2020,0,2,0,2,0,0
12/04/2020,0,2,0,2,0,0
13/04/2020,0,2,0,2,0,0
14/04/2020,0,2,0,2,0,0
15/04/2020,0,2,0,2,0,0
16/04/2020,0,2,0,2,0,0
17/04/2020,0,2,0,2,0,0
18/04/2020,0,2,0,2,0,0
19/04/2020,0,2,0,2,0,0
20/04/2020,1,3,1,3,0,0
21/04/2020,0,3,0,3,0,0
22/04/2020,0,3,0,3,0,0
23/04/2020,0,3,0,3,0,0
24/04/2020,1,4,1,4,0,0
25/04/2020,0,4,0,4,0,0
26/04/2020,0,4,0,4,0,0
27/04/2020,0,4,0,4,0,0
28/04/2020,0,4,0,4,0,0
29/04/2020,0,4,0,4,0,0
30/04/2020,0,4,0,4,0,0
01/05/2020,0,4,0,4,0,0
02/05/2020,0,4,0,4,0,0
03/05/2020,1,5,1,5,0,0
04/05/2020,0,5,0,5,0,0
05/05/2020,0,5,0,5,0,0
06/05/2020,1,6,1,6,0,0
07/05/2020,0,6,0,6,0,0
08/05/2020,4,10,4,10,0,0
09/05/2020,0,10,0,10,0,0
10/05/2020,0,10,0,10,0,0
11/05/2020,1,11,1,11,0,0
12/05/2020,1,12,0,11,0,0
13/05/2020,0,12,0,11,0,0
14/05/2020,1,13,1,12,0,0
15/05/2020,1,14,1,13,0,0
16/05/2020,0,14,0,13,0,0
17/05/2020,0,14,0,13,0,0
18/05/2020,2,16,2,15,0,0
19/05/2020,2,18,1,16,1,1
20/05/2020,1,19,1,17,0,1
21/05/2020,0,19,0,17,0,1
22/05/2020,0,19,0,17,0,1
23/05/2020,0,19,0,17,0,1
24/05/2020,2,21,2,19,0,1
25/05/2020,2,23,2,21,0,1
26/05/2020,0,23,0,21,0,1
27/05/2020,3,26,2,23,1,2
28/05/2020,4,30,4,27,0,2
29/05/2020,0,30,0,27,0,2
30/05/2020,2,32,2,29,0,2
31/05/2020,0,32,0,29,0,2
01/06/2020,1,33,1,30,0,2
02/06/2020,3,36,3,33,0,2
03/06/2020,0,36,0,33,0,2
04/06/2020,0,36,0,33,0,2
05/06/2020,1,37,1,34,0,2
06/06/2020,3,40,3,37,0,2
07/06/2020,3,43,3,40,0,2
08/06/2020,3,46,3,43,0,2
09/06/2020,1,47,1,44,0,2
10/06/2020,1,48,0,44,1,3
11/06/2020,2,50,2,46,0,3
12/06/2020,2,52,2,48,0,3
13/06/2020,2,54,2,50,0,3
14/06/2020,3,57,2,52,0,3
15/06/2020,1,58,1,53,0,3
16/06/2020,4,62,3,56,1,4
17/06/2020,1,63,1,57,0,4
18/06/2020,11,74,11,68,0,4
19/06/2020,18,92,17,85,1,5
20/06/2020,4,96,3,88,1,6
21/06/2020,5,101,5,93,0,6
22/06/2020,9,110,8,101,0,6
23/06/2020,0,110,0,101,0,6
24/06/2020,21,131,21,122,0,6
25/06/2020,3,134,3,125,0,6
26/06/2020,9,143,7,132,2,8
27/06/2020,14,157,13,145,1,9
28/06/2020,1,158,1,146,0,9
29/06/2020,2,160,2,148,0,9
30/06/2020,0,160,0,148,0,9
01/07/2020,5,165,5,153,0,9
02/07/2020,2,167,2,155,0,9
03/07/2020,2,169,1,156,0,9
04/07/2020,5,174,5,161,0,9
05/07/2020,7,181,7,168,0,9
06/07/2020,0,181,0,168,0,9
07/07/2020,1,182,1,169,0,9
08/07/2020,6,188,6,175,0,9
09/07/2020,2,190,2,177,0,9
10/07/2020,8,198,7,184,0,9
11/07/2020,7,205,7,191,0,9
12/07/2020,1,206,1,192,0,9
13/07/2020,2,208,1,193,1,10
14/07/2020,6,214,6,199,0,10
15/07/2020,0,214,0,199,0,10
16/07/2020,11,225,9,208,2,12
17/07/2020,5,230,5,213,0,12
18/07/2020,5,235,5,218,0,12
19/07/2020,1,236,1,219,0,12
20/07/2020,3,239,2,221,0,12
21/07/2020,6,245,6,227,0,12
22/07/2020,2,247,2,229,0,12
23/07/2020,5,252,4,233,0,12
24/07/2020,5,257,4,237,0,12
25/07/2020,2,259,2,239,0,12
26/07/2020,10,269,7,246,1,13
27/07/2020,3,272,0,246,0,13
28/07/2020,2,274,2,248,0,13
29/07/2020,1,275,0,248,0,13
30/07/2020,6,281,3,251,0,13
31/07/2020,1,282,0,251,0,13
01/08/2020,3,285,0,251,0,13
02/08/2020,1,286,0,251,0,13
03/08/2020,1,287,0,251,0,13
04/08/2020,0,287,0,251,0,13
05/08/2020,2,289,0,251,0,13
06/08/2020,1,290,0,251,0,13
07/08/2020,3,293,0,251,0,13
08/08/2020,3,296,0,251,0,13
09/08/2020,1,297,0,251,0,13
10/08/2020,0,297,0,251,0,13
