date,total_reported,accum_reported,total_recupered,accum_recupered,total_deceased,accum_deceased
01/03/2020,0,0,0,0,0,0
02/03/2020,0,0,0,0,0,0
03/03/2020,0,0,0,0,0,0
04/03/2020,0,0,0,0,0,0
05/03/2020,0,0,0,0,0,0
06/03/2020,0,0,0,0,0,0
07/03/2020,0,0,0,0,0,0
08/03/2020,0,0,0,0,0,0
09/03/2020,0,0,0,0,0,0
10/03/2020,0,0,0,0,0,0
11/03/2020,0,0,0,0,0,0
12/03/2020,0,0,0,0,0,0
13/03/2020,0,0,0,0,0,0
14/03/2020,0,0,0,0,0,0
15/03/2020,0,0,0,0,0,0
16/03/2020,0,0,0,0,0,0
17/03/2020,0,0,0,0,0,0
18/03/2020,0,0,0,0,0,0
19/03/2020,0,0,0,0,0,0
20/03/2020,0,0,0,0,0,0
21/03/2020,0,0,0,0,0,0
22/03/2020,0,0,0,0,0,0
23/03/2020,0,0,0,0,0,0
24/03/2020,1,1,1,1,0,0
25/03/2020,0,1,0,1,0,0
26/03/2020,0,1,0,1,0,0
27/03/2020,0,1,0,1,0,0
28/03/2020,1,2,1,2,0,0
29/03/2020,0,2,0,2,0,0
30/03/2020,0,2,0,2,0,0
31/03/2020,0,2,0,2,0,0
01/04/2020,0,2,0,2,0,0
02/04/2020,0,2,0,2,0,0
03/04/2020,0,2,0,2,0,0
04/04/2020,2,4,2,4,0,0
05/04/2020,1,5,1,5,0,0
06/04/2020,0,5,0,5,0,0
07/04/2020,0,5,0,5,0,0
08/04/2020,0,5,0,5,0,0
09/04/2020,0,5,0,5,0,0
10/04/2020,0,5,0,5,0,0
11/04/2020,1,6,1,6,0,0
12/04/2020,0,6,0,6,0,0
13/04/2020,0,6,0,6,0,0
14/04/2020,0,6,0,6,0,0
15/04/2020,0,6,0,6,0,0
16/04/2020,0,6,0,6,0,0
17/04/2020,1,7,1,7,0,0
18/04/2020,0,7,0,7,0,0
19/04/2020,0,7,0,7,0,0
20/04/2020,0,7,0,7,0,0
21/04/2020,2,9,2,9,0,0
22/04/2020,0,9,0,9,0,0
23/04/2020,0,9,0,9,0,0
24/04/2020,0,9,0,9,0,0
25/04/2020,2,11,2,11,0,0
26/04/2020,1,12,1,12,0,0
27/04/2020,1,13,1,13,0,0
28/04/2020,0,13,0,13,0,0
29/04/2020,0,13,0,13,0,0
30/04/2020,0,13,0,13,0,0
01/05/2020,0,13,0,13,0,0
02/05/2020,0,13,0,13,0,0
03/05/2020,1,14,1,14,0,0
04/05/2020,0,14,0,14,0,0
05/05/2020,0,14,0,14,0,0
06/05/2020,0,14,0,14,0,0
07/05/2020,0,14,0,14,0,0
08/05/2020,0,14,0,14,0,0
09/05/2020,0,14,0,14,0,0
10/05/2020,0,14,0,14,0,0
11/05/2020,0,14,0,14,0,0
12/05/2020,1,15,0,14,1,1
13/05/2020,1,16,1,15,0,1
14/05/2020,5,21,3,18,2,3
15/05/2020,3,24,1,19,1,4
16/05/2020,0,24,0,19,0,4
17/05/2020,0,24,0,19,0,4
18/05/2020,1,25,0,19,0,4
19/05/2020,0,25,0,19,0,4
20/05/2020,1,26,1,20,0,4
21/05/2020,1,27,1,21,0,4
22/05/2020,2,29,2,23,0,4
23/05/2020,1,30,1,24,0,4
24/05/2020,11,41,11,35,0,4
25/05/2020,12,53,12,47,0,4
26/05/2020,1,54,1,48,0,4
27/05/2020,0,54,0,48,0,4
28/05/2020,23,77,23,71,0,4
29/05/2020,2,79,1,72,1,5
30/05/2020,5,84,5,77,0,5
31/05/2020,2,86,2,79,0,5
01/06/2020,2,88,2,81,0,5
02/06/2020,14,102,13,94,1,6
03/06/2020,9,111,9,103,0,6
04/06/2020,2,113,2,105,0,6
05/06/2020,1,114,1,106,0,6
06/06/2020,2,116,2,108,0,6
07/06/2020,0,116,0,108,0,6
08/06/2020,5,121,3,111,2,8
09/06/2020,1,122,0,111,1,9
10/06/2020,1,123,1,112,0,9
11/06/2020,6,129,5,117,1,10
12/06/2020,1,130,1,118,0,10
13/06/2020,7,137,7,125,0,10
14/06/2020,3,140,3,128,0,10
15/06/2020,1,141,1,129,0,10
16/06/2020,6,147,6,135,0,10
17/06/2020,2,149,2,137,0,10
18/06/2020,8,157,8,145,0,10
19/06/2020,2,159,2,147,0,10
20/06/2020,10,169,10,157,0,10
21/06/2020,3,172,3,160,0,10
22/06/2020,2,174,2,162,0,10
23/06/2020,3,177,3,165,0,10
24/06/2020,2,179,2,167,0,10
25/06/2020,12,191,10,177,1,11
26/06/2020,16,207,16,193,0,11
27/06/2020,0,207,0,193,0,11
28/06/2020,9,216,8,201,0,11
29/06/2020,14,230,12,213,1,12
30/06/2020,9,239,8,221,0,12
01/07/2020,10,249,9,230,0,12
02/07/2020,9,258,8,238,1,13
03/07/2020,10,268,9,247,0,13
04/07/2020,1,269,1,248,0,13
05/07/2020,3,272,3,251,0,13
06/07/2020,12,284,10,261,1,14
07/07/2020,1,285,1,262,0,14
08/07/2020,14,299,13,275,1,15
09/07/2020,30,329,27,302,1,16
10/07/2020,16,345,15,317,0,16
11/07/2020,6,351,6,323,0,16
12/07/2020,15,366,15,338,0,16
13/07/2020,7,373,4,342,2,18
14/07/2020,17,390,17,359,0,18
15/07/2020,23,413,23,382,0,18
16/07/2020,36,449,32,414,2,20
17/07/2020,11,460,10,424,0,20
18/07/2020,19,479,15,439,0,20
19/07/2020,20,499,7,446,1,21
20/07/2020,16,515,14,460,0,21
21/07/2020,11,526,7,467,0,21
22/07/2020,15,541,8,475,0,21
23/07/2020,3,544,1,476,0,21
24/07/2020,18,562,5,481,0,21
25/07/2020,6,568,3,484,0,21
26/07/2020,7,575,2,486,1,22
27/07/2020,9,584,3,489,0,22
28/07/2020,4,588,3,492,0,22
29/07/2020,6,594,2,494,0,22
30/07/2020,30,624,4,498,2,24
31/07/2020,28,652,4,502,0,24
01/08/2020,24,676,4,506,0,24
02/08/2020,21,697,0,506,0,24
03/08/2020,32,729,1,507,2,26
04/08/2020,21,750,0,507,0,26
05/08/2020,28,778,0,507,0,26
06/08/2020,78,856,0,507,0,26
07/08/2020,18,874,0,507,0,26
08/08/2020,47,921,0,507,0,26
09/08/2020,0,921,0,507,0,26
