date,cases,accum_cases,recovered,accum_recovered,deaths,accum_deaths
01/03/2020,0,0,0,0,0,0
02/03/2020,0,0,0,0,0,0
03/03/2020,0,0,0,0,0,0
04/03/2020,0,0,0,0,0,0
05/03/2020,0,0,0,0,0,0
06/03/2020,0,0,0,0,0,0
07/03/2020,0,0,0,0,0,0
08/03/2020,0,0,0,0,0,0
09/03/2020,0,0,0,0,0,0
10/03/2020,0,0,0,0,0,0
11/03/2020,0,0,0,0,0,0
12/03/2020,0,0,0,0,0,0
13/03/2020,1,1,1,1,0,0
14/03/2020,0,1,0,1,0,0
15/03/2020,0,1,0,1,0,0
16/03/2020,0,1,0,1,0,0
17/03/2020,0,1,0,1,0,0
18/03/2020,3,4,3,4,0,0
19/03/2020,1,5,0,4,0,0
20/03/2020,0,5,0,4,0,0
21/03/2020,4,9,1,5,0,0
22/03/2020,0,9,0,5,0,0
23/03/2020,2,11,2,7,0,0
24/03/2020,0,11,0,7,0,0
25/03/2020,2,13,0,7,0,0
26/03/2020,0,13,0,7,0,0
27/03/2020,0,13,0,7,0,0
28/03/2020,2,15,0,7,0,0
29/03/2020,1,16,0,7,0,0
30/03/2020,4,20,0,7,0,0
31/03/2020,1,21,0,7,0,0
01/04/2020,1,22,0,7,0,0
02/04/2020,1,23,0,7,0,0
03/04/2020,1,24,0,7,0,0
04/04/2020,0,24,0,7,0,0
05/04/2020,1,25,0,7,0,0
06/04/2020,0,25,0,7,0,0
07/04/2020,2,27,1,8,0,0
08/04/2020,1,28,0,8,0,0
09/04/2020,0,28,0,8,0,0
10/04/2020,5,33,0,8,0,0
11/04/2020,1,34,0,8,0,0
12/04/2020,0,34,0,8,0,0
13/04/2020,3,37,0,8,0,0
14/04/2020,0,37,0,8,0,0
15/04/2020,0,37,0,8,0,0
