date,total_reported,accum_reported,total_recupered,accum_recupered,total_deceased,accum_deceased
01/03/2020,0,0,0,0,0,0
02/03/2020,0,0,0,0,0,0
03/03/2020,0,0,0,0,0,0
04/03/2020,0,0,0,0,0,0
05/03/2020,0,0,0,0,0,0
06/03/2020,0,0,0,0,0,0
07/03/2020,0,0,0,0,0,0
08/03/2020,0,0,0,0,0,0
09/03/2020,0,0,0,0,0,0
10/03/2020,0,0,0,0,0,0
11/03/2020,0,0,0,0,0,0
12/03/2020,0,0,0,0,0,0
13/03/2020,0,0,0,0,0,0
14/03/2020,0,0,0,0,0,0
15/03/2020,0,0,0,0,0,0
16/03/2020,0,0,0,0,0,0
17/03/2020,0,0,0,0,0,0
18/03/2020,0,0,0,0,0,0
19/03/2020,0,0,0,0,0,0
20/03/2020,0,0,0,0,0,0
21/03/2020,0,0,0,0,0,0
22/03/2020,0,0,0,0,0,0
23/03/2020,0,0,0,0,0,0
24/03/2020,0,0,0,0,0,0
25/03/2020,0,0,0,0,0,0
26/03/2020,0,0,0,0,0,0
27/03/2020,0,0,0,0,0,0
28/03/2020,0,0,0,0,0,0
29/03/2020,0,0,0,0,0,0
30/03/2020,0,0,0,0,0,0
31/03/2020,1,1,1,1,0,0
01/04/2020,0,1,0,1,0,0
02/04/2020,0,1,0,1,0,0
03/04/2020,0,1,0,1,0,0
04/04/2020,0,1,0,1,0,0
05/04/2020,0,1,0,1,0,0
06/04/2020,0,1,0,1,0,0
07/04/2020,0,1,0,1,0,0
08/04/2020,0,1,0,1,0,0
09/04/2020,0,1,0,1,0,0
10/04/2020,0,1,0,1,0,0
11/04/2020,0,1,0,1,0,0
12/04/2020,0,1,0,1,0,0
13/04/2020,0,1,0,1,0,0
14/04/2020,0,1,0,1,0,0
15/04/2020,0,1,0,1,0,0
16/04/2020,0,1,0,1,0,0
17/04/2020,0,1,0,1,0,0
18/04/2020,1,2,0,1,1,1
19/04/2020,0,2,0,1,0,1
20/04/2020,0,2,0,1,0,1
21/04/2020,0,2,0,1,0,1
22/04/2020,0,2,0,1,0,1
23/04/2020,0,2,0,1,0,1
24/04/2020,0,2,0,1,0,1
25/04/2020,3,5,3,4,0,1
26/04/2020,0,5,0,4,0,1
27/04/2020,0,5,0,4,0,1
28/04/2020,0,5,0,4,0,1
29/04/2020,4,9,3,7,1,2
30/04/2020,0,9,0,7,0,2
01/05/2020,0,9,0,7,0,2
02/05/2020,0,9,0,7,0,2
03/05/2020,1,10,1,8,0,2
04/05/2020,0,10,0,8,0,2
05/05/2020,4,14,4,12,0,2
06/05/2020,0,14,0,12,0,2
07/05/2020,0,14,0,12,0,2
08/05/2020,1,15,0,12,1,3
09/05/2020,0,15,0,12,0,3
10/05/2020,12,27,11,23,1,4
11/05/2020,0,27,0,23,0,4
12/05/2020,1,28,1,24,0,4
13/05/2020,4,32,4,28,0,4
14/05/2020,0,32,0,28,0,4
15/05/2020,3,35,3,31,0,4
16/05/2020,10,45,9,40,0,4
17/05/2020,2,47,2,42,0,4
18/05/2020,0,47,0,42,0,4
19/05/2020,0,47,0,42,0,4
20/05/2020,0,47,0,42,0,4
21/05/2020,0,47,0,42,0,4
22/05/2020,0,47,0,42,0,4
23/05/2020,1,48,1,43,0,4
24/05/2020,0,48,0,43,0,4
25/05/2020,1,49,1,44,0,4
26/05/2020,5,54,5,49,0,4
27/05/2020,1,55,1,50,0,4
28/05/2020,2,57,2,52,0,4
29/05/2020,0,57,0,52,0,4
30/05/2020,1,58,1,53,0,4
31/05/2020,3,61,3,56,0,4
01/06/2020,2,63,1,57,1,5
02/06/2020,2,65,2,59,0,5
03/06/2020,0,65,0,59,0,5
04/06/2020,3,68,3,62,0,5
05/06/2020,4,72,3,65,1,6
06/06/2020,35,107,34,99,1,7
07/06/2020,1,108,1,100,0,7
08/06/2020,1,109,1,101,0,7
09/06/2020,4,113,3,104,1,8
10/06/2020,0,113,0,104,0,8
11/06/2020,2,115,2,106,0,8
12/06/2020,0,115,0,106,0,8
13/06/2020,6,121,4,110,1,9
14/06/2020,8,129,7,117,0,9
15/06/2020,11,140,9,126,1,10
16/06/2020,9,149,9,135,0,10
17/06/2020,10,159,9,144,0,10
18/06/2020,3,162,3,147,0,10
19/06/2020,9,171,6,153,0,10
20/06/2020,15,186,12,165,1,11
21/06/2020,24,210,22,187,2,13
22/06/2020,9,219,8,195,0,13
23/06/2020,8,227,6,201,1,14
24/06/2020,20,247,16,217,3,17
25/06/2020,11,258,11,228,0,17
26/06/2020,12,270,10,238,0,17
27/06/2020,28,298,25,263,2,19
28/06/2020,74,372,58,321,10,29
29/06/2020,37,409,34,355,2,31
30/06/2020,45,454,43,398,2,33
01/07/2020,27,481,21,419,1,34
02/07/2020,58,539,53,472,4,38
03/07/2020,24,563,18,490,4,42
04/07/2020,38,601,28,518,9,51
05/07/2020,22,623,20,538,0,51
06/07/2020,40,663,32,570,4,55
07/07/2020,67,730,57,627,6,61
08/07/2020,48,778,40,667,4,65
09/07/2020,41,819,37,704,2,67
10/07/2020,26,845,22,726,2,69
11/07/2020,39,884,29,755,5,74
12/07/2020,44,928,34,789,3,77
13/07/2020,9,937,6,795,1,78
14/07/2020,46,983,19,814,3,81
15/07/2020,103,1086,69,883,3,84
16/07/2020,95,1181,43,926,3,87
17/07/2020,119,1300,98,1024,1,88
18/07/2020,120,1420,104,1128,4,92
19/07/2020,91,1511,29,1157,6,98
20/07/2020,68,1579,45,1202,3,101
21/07/2020,37,1616,1,1203,5,106
22/07/2020,47,1663,1,1204,0,106
23/07/2020,11,1674,1,1205,2,108
24/07/2020,23,1697,1,1206,2,110
25/07/2020,61,1758,3,1209,1,111
26/07/2020,51,1809,2,1211,0,111
27/07/2020,80,1889,2,1213,1,112
28/07/2020,79,1968,0,1213,7,119
29/07/2020,53,2021,8,1221,1,120
30/07/2020,33,2054,5,1226,2,122
31/07/2020,55,2109,1,1227,2,124
01/08/2020,47,2156,0,1227,3,127
02/08/2020,42,2198,0,1227,0,127
03/08/2020,0,2198,0,1227,0,127
04/08/2020,0,2198,0,1227,0,127
