date,total_reported,accum_reported,total_recupered,accum_recupered,total_deceased,accum_deceased
01/03/2020,0,0,0,0,0,0
02/03/2020,0,0,0,0,0,0
03/03/2020,0,0,0,0,0,0
04/03/2020,0,0,0,0,0,0
05/03/2020,0,0,0,0,0,0
06/03/2020,0,0,0,0,0,0
07/03/2020,0,0,0,0,0,0
08/03/2020,0,0,0,0,0,0
09/03/2020,0,0,0,0,0,0
10/03/2020,0,0,0,0,0,0
11/03/2020,0,0,0,0,0,0
12/03/2020,0,0,0,0,0,0
13/03/2020,0,0,0,0,0,0
14/03/2020,0,0,0,0,0,0
15/03/2020,0,0,0,0,0,0
16/03/2020,0,0,0,0,0,0
17/03/2020,0,0,0,0,0,0
18/03/2020,0,0,0,0,0,0
19/03/2020,0,0,0,0,0,0
20/03/2020,0,0,0,0,0,0
21/03/2020,0,0,0,0,0,0
22/03/2020,1,1,1,1,0,0
23/03/2020,0,1,0,1,0,0
24/03/2020,1,2,1,2,0,0
25/03/2020,0,2,0,2,0,0
26/03/2020,0,2,0,2,0,0
27/03/2020,0,2,0,2,0,0
28/03/2020,1,3,1,3,0,0
29/03/2020,1,4,1,4,0,0
30/03/2020,0,4,0,4,0,0
31/03/2020,7,11,7,11,0,0
01/04/2020,5,16,4,15,1,1
02/04/2020,0,16,0,15,0,1
03/04/2020,0,16,0,15,0,1
04/04/2020,0,16,0,15,0,1
05/04/2020,0,16,0,15,0,1
06/04/2020,0,16,0,15,0,1
07/04/2020,0,16,0,15,0,1
08/04/2020,1,17,1,16,0,1
09/04/2020,1,18,1,17,0,1
10/04/2020,2,20,2,19,0,1
11/04/2020,12,32,12,31,0,1
12/04/2020,0,32,0,31,0,1
13/04/2020,0,32,0,31,0,1
14/04/2020,0,32,0,31,0,1
15/04/2020,0,32,0,31,0,1
16/04/2020,1,33,0,31,1,2
17/04/2020,0,33,0,31,0,2
18/04/2020,0,33,0,31,0,2
19/04/2020,0,33,0,31,0,2
20/04/2020,2,35,1,32,1,3
21/04/2020,0,35,0,32,0,3
22/04/2020,0,35,0,32,0,3
23/04/2020,0,35,0,32,0,3
24/04/2020,7,42,5,37,2,5
25/04/2020,11,53,7,44,4,9
26/04/2020,0,53,0,44,0,9
27/04/2020,0,53,0,44,0,9
28/04/2020,2,55,2,46,0,9
29/04/2020,0,55,0,46,0,9
30/04/2020,0,55,0,46,0,9
01/05/2020,0,55,0,46,0,9
02/05/2020,4,59,4,50,0,9
03/05/2020,3,62,1,51,2,11
04/05/2020,0,62,0,51,0,11
05/05/2020,8,70,8,59,0,11
06/05/2020,0,70,0,59,0,11
07/05/2020,0,70,0,59,0,11
08/05/2020,0,70,0,59,0,11
09/05/2020,1,71,1,60,0,11
10/05/2020,1,72,1,61,0,11
11/05/2020,0,72,0,61,0,11
12/05/2020,0,72,0,61,0,11
13/05/2020,0,72,0,61,0,11
14/05/2020,0,72,0,61,0,11
15/05/2020,0,72,0,61,0,11
16/05/2020,3,75,3,64,0,11
17/05/2020,1,76,1,65,0,11
18/05/2020,1,77,1,66,0,11
19/05/2020,1,78,0,66,0,11
20/05/2020,1,79,1,67,0,11
21/05/2020,1,80,1,68,0,11
22/05/2020,0,80,0,68,0,11
23/05/2020,7,87,7,75,0,11
24/05/2020,3,90,3,78,0,11
25/05/2020,5,95,5,83,0,11
26/05/2020,5,100,4,87,0,11
27/05/2020,15,115,15,102,0,11
28/05/2020,14,129,14,116,0,11
29/05/2020,34,163,34,150,0,11
30/05/2020,44,207,44,194,0,11
31/05/2020,46,253,46,240,0,11
01/06/2020,33,286,32,272,1,12
02/06/2020,36,322,35,307,1,13
03/06/2020,24,346,24,331,0,13
04/06/2020,48,394,48,379,0,13
05/06/2020,20,414,20,399,0,13
06/06/2020,11,425,11,410,0,13
07/06/2020,3,428,3,413,0,13
08/06/2020,21,449,21,434,0,13
09/06/2020,21,470,21,455,0,13
10/06/2020,26,496,23,478,3,16
11/06/2020,2,498,2,480,0,16
12/06/2020,6,504,6,486,0,16
13/06/2020,23,527,22,508,0,16
14/06/2020,14,541,12,520,1,17
15/06/2020,12,553,11,531,0,17
16/06/2020,6,559,6,537,0,17
17/06/2020,29,588,26,563,1,18
18/06/2020,24,612,19,582,3,21
19/06/2020,14,626,14,596,0,21
20/06/2020,65,691,58,654,3,24
21/06/2020,8,699,7,661,0,24
22/06/2020,29,728,28,689,0,24
23/06/2020,3,731,2,691,0,24
24/06/2020,52,783,48,739,0,24
25/06/2020,6,789,6,745,0,24
26/06/2020,20,809,20,765,0,24
27/06/2020,73,882,70,835,2,26
28/06/2020,62,944,43,878,2,28
29/06/2020,48,992,39,917,2,30
30/06/2020,33,1025,29,946,1,31
01/07/2020,45,1070,42,988,2,33
02/07/2020,5,1075,5,993,0,33
03/07/2020,93,1168,80,1073,4,37
04/07/2020,99,1267,96,1169,1,38
05/07/2020,32,1299,32,1201,0,38
06/07/2020,22,1321,21,1222,0,38
07/07/2020,18,1339,17,1239,0,38
08/07/2020,21,1360,21,1260,0,38
09/07/2020,22,1382,21,1281,0,38
10/07/2020,36,1418,33,1314,1,39
11/07/2020,15,1433,14,1328,0,39
12/07/2020,71,1504,61,1389,1,40
13/07/2020,52,1556,40,1429,2,42
14/07/2020,28,1584,24,1453,1,43
15/07/2020,80,1664,70,1523,2,45
16/07/2020,101,1765,83,1606,4,49
17/07/2020,53,1818,36,1642,0,49
18/07/2020,73,1891,45,1687,0,49
19/07/2020,104,1995,39,1726,1,50
20/07/2020,117,2112,36,1762,2,52
21/07/2020,11,2123,9,1771,0,52
22/07/2020,97,2220,58,1829,3,55
23/07/2020,84,2304,14,1843,1,56
24/07/2020,59,2363,14,1857,0,56
25/07/2020,80,2443,37,1894,2,58
26/07/2020,88,2531,58,1952,1,59
27/07/2020,101,2632,28,1980,2,61
28/07/2020,161,2793,25,2005,6,67
29/07/2020,88,2881,8,2013,1,68
30/07/2020,116,2997,19,2032,4,72
31/07/2020,113,3110,14,2046,1,73
01/08/2020,236,3346,6,2052,5,78
02/08/2020,153,3499,6,2058,2,80
03/08/2020,38,3537,4,2062,1,81
04/08/2020,194,3731,0,2062,5,86
05/08/2020,104,3835,0,2062,0,86
06/08/2020,144,3979,0,2062,1,87
07/08/2020,225,4204,0,2062,4,91
08/08/2020,178,4382,0,2062,6,97
09/08/2020,84,4466,0,2062,0,97
10/08/2020,0,4466,0,2062,0,97
