date,total_reported,accum_reported,total_recupered,accum_recupered,total_deceased,accum_deceased
01/03/2020,0,0,0,0,0,0
02/03/2020,0,0,0,0,0,0
03/03/2020,0,0,0,0,0,0
04/03/2020,0,0,0,0,0,0
05/03/2020,0,0,0,0,0,0
06/03/2020,0,0,0,0,0,0
07/03/2020,0,0,0,0,0,0
08/03/2020,0,0,0,0,0,0
09/03/2020,0,0,0,0,0,0
10/03/2020,0,0,0,0,0,0
11/03/2020,0,0,0,0,0,0
12/03/2020,0,0,0,0,0,0
13/03/2020,0,0,0,0,0,0
14/03/2020,0,0,0,0,0,0
15/03/2020,0,0,0,0,0,0
16/03/2020,0,0,0,0,0,0
17/03/2020,0,0,0,0,0,0
18/03/2020,0,0,0,0,0,0
19/03/2020,0,0,0,0,0,0
20/03/2020,0,0,0,0,0,0
21/03/2020,0,0,0,0,0,0
22/03/2020,1,1,1,1,0,0
23/03/2020,0,1,0,1,0,0
24/03/2020,0,1,0,1,0,0
25/03/2020,0,1,0,1,0,0
26/03/2020,0,1,0,1,0,0
27/03/2020,0,1,0,1,0,0
28/03/2020,0,1,0,1,0,0
29/03/2020,0,1,0,1,0,0
30/03/2020,0,1,0,1,0,0
31/03/2020,0,1,0,1,0,0
01/04/2020,1,2,1,2,0,0
02/04/2020,0,2,0,2,0,0
03/04/2020,0,2,0,2,0,0
04/04/2020,0,2,0,2,0,0
05/04/2020,0,2,0,2,0,0
06/04/2020,0,2,0,2,0,0
07/04/2020,0,2,0,2,0,0
08/04/2020,0,2,0,2,0,0
09/04/2020,1,3,1,3,0,0
10/04/2020,2,5,2,5,0,0
11/04/2020,2,7,2,7,0,0
12/04/2020,0,7,0,7,0,0
13/04/2020,0,7,0,7,0,0
14/04/2020,2,9,2,9,0,0
15/04/2020,0,9,0,9,0,0
16/04/2020,0,9,0,9,0,0
17/04/2020,0,9,0,9,0,0
18/04/2020,0,9,0,9,0,0
19/04/2020,1,10,1,10,0,0
20/04/2020,0,10,0,10,0,0
21/04/2020,0,10,0,10,0,0
22/04/2020,0,10,0,10,0,0
23/04/2020,0,10,0,10,0,0
24/04/2020,0,10,0,10,0,0
25/04/2020,0,10,0,10,0,0
26/04/2020,0,10,0,10,0,0
27/04/2020,0,10,0,10,0,0
28/04/2020,6,16,6,16,0,0
29/04/2020,1,17,1,17,0,0
30/04/2020,0,17,0,17,0,0
01/05/2020,0,17,0,17,0,0
02/05/2020,0,17,0,17,0,0
03/05/2020,1,18,1,18,0,0
04/05/2020,1,19,1,19,0,0
05/05/2020,0,19,0,19,0,0
06/05/2020,0,19,0,19,0,0
07/05/2020,0,19,0,19,0,0
08/05/2020,0,19,0,19,0,0
09/05/2020,0,19,0,19,0,0
10/05/2020,1,20,1,20,0,0
11/05/2020,0,20,0,20,0,0
12/05/2020,0,20,0,20,0,0
13/05/2020,3,23,3,23,0,0
14/05/2020,0,23,0,23,0,0
15/05/2020,0,23,0,23,0,0
16/05/2020,0,23,0,23,0,0
17/05/2020,0,23,0,23,0,0
18/05/2020,0,23,0,23,0,0
19/05/2020,0,23,0,23,0,0
20/05/2020,0,23,0,23,0,0
21/05/2020,0,23,0,23,0,0
22/05/2020,0,23,0,23,0,0
23/05/2020,0,23,0,23,0,0
24/05/2020,0,23,0,23,0,0
25/05/2020,3,26,3,26,0,0
26/05/2020,0,26,0,26,0,0
27/05/2020,0,26,0,26,0,0
28/05/2020,0,26,0,26,0,0
29/05/2020,1,27,1,27,0,0
30/05/2020,0,27,0,27,0,0
31/05/2020,1,28,1,28,0,0
01/06/2020,0,28,0,28,0,0
02/06/2020,0,28,0,28,0,0
03/06/2020,0,28,0,28,0,0
04/06/2020,1,29,1,29,0,0
05/06/2020,0,29,0,29,0,0
06/06/2020,0,29,0,29,0,0
07/06/2020,0,29,0,29,0,0
08/06/2020,0,29,0,29,0,0
09/06/2020,0,29,0,29,0,0
10/06/2020,0,29,0,29,0,0
11/06/2020,0,29,0,29,0,0
12/06/2020,0,29,0,29,0,0
13/06/2020,0,29,0,29,0,0
14/06/2020,1,30,1,30,0,0
15/06/2020,0,30,0,30,0,0
16/06/2020,0,30,0,30,0,0
17/06/2020,0,30,0,30,0,0
18/06/2020,2,32,2,32,0,0
19/06/2020,4,36,4,36,0,0
20/06/2020,1,37,1,37,0,0
21/06/2020,2,39,2,39,0,0
22/06/2020,2,41,2,41,0,0
23/06/2020,0,41,0,41,0,0
24/06/2020,2,43,2,43,0,0
25/06/2020,3,46,2,45,1,1
26/06/2020,0,46,0,45,0,1
27/06/2020,1,47,0,45,0,1
28/06/2020,0,47,0,45,0,1
29/06/2020,0,47,0,45,0,1
30/06/2020,0,47,0,45,0,1
01/07/2020,1,48,1,46,0,1
02/07/2020,1,49,1,47,0,1
03/07/2020,2,51,2,49,0,1
04/07/2020,0,51,0,49,0,1
05/07/2020,2,53,1,50,0,1
06/07/2020,0,53,0,50,0,1
07/07/2020,0,53,0,50,0,1
08/07/2020,1,54,1,51,0,1
09/07/2020,6,60,0,51,0,1
10/07/2020,3,63,1,52,0,1
11/07/2020,0,63,0,52,0,1
12/07/2020,1,64,0,52,0,1
13/07/2020,3,67,3,55,0,1
14/07/2020,3,70,0,55,0,1
15/07/2020,3,73,1,56,0,1
16/07/2020,4,77,1,57,0,1
17/07/2020,1,78,0,57,0,1
18/07/2020,3,81,0,57,1,2
19/07/2020,3,84,0,57,0,2
20/07/2020,17,101,0,57,0,2
21/07/2020,10,111,0,57,0,2
22/07/2020,3,114,0,57,0,2
23/07/2020,6,120,0,57,0,2
24/07/2020,2,122,0,57,0,2
25/07/2020,5,127,0,57,0,2
26/07/2020,5,132,0,57,0,2
27/07/2020,0,132,0,57,0,2
