date,total_reported,accum_reported,total_recupered,accum_recupered,total_deceased,accum_deceased
01/03/2020,0,0,0,0,0,0
02/03/2020,0,0,0,0,0,0
03/03/2020,0,0,0,0,0,0
04/03/2020,0,0,0,0,0,0
05/03/2020,0,0,0,0,0,0
06/03/2020,0,0,0,0,0,0
07/03/2020,0,0,0,0,0,0
08/03/2020,0,0,0,0,0,0
09/03/2020,0,0,0,0,0,0
10/03/2020,0,0,0,0,0,0
11/03/2020,0,0,0,0,0,0
12/03/2020,0,0,0,0,0,0
13/03/2020,0,0,0,0,0,0
14/03/2020,0,0,0,0,0,0
15/03/2020,0,0,0,0,0,0
16/03/2020,0,0,0,0,0,0
17/03/2020,0,0,0,0,0,0
18/03/2020,0,0,0,0,0,0
19/03/2020,0,0,0,0,0,0
20/03/2020,0,0,0,0,0,0
21/03/2020,0,0,0,0,0,0
22/03/2020,0,0,0,0,0,0
23/03/2020,0,0,0,0,0,0
24/03/2020,1,1,1,1,0,0
25/03/2020,0,1,0,1,0,0
26/03/2020,0,1,0,1,0,0
27/03/2020,0,1,0,1,0,0
28/03/2020,0,1,0,1,0,0
29/03/2020,0,1,0,1,0,0
30/03/2020,0,1,0,1,0,0
31/03/2020,0,1,0,1,0,0
01/04/2020,0,1,0,1,0,0
02/04/2020,0,1,0,1,0,0
03/04/2020,0,1,0,1,0,0
04/04/2020,0,1,0,1,0,0
05/04/2020,0,1,0,1,0,0
06/04/2020,0,1,0,1,0,0
07/04/2020,0,1,0,1,0,0
08/04/2020,0,1,0,1,0,0
09/04/2020,0,1,0,1,0,0
10/04/2020,0,1,0,1,0,0
11/04/2020,0,1,0,1,0,0
12/04/2020,0,1,0,1,0,0
13/04/2020,0,1,0,1,0,0
14/04/2020,0,1,0,1,0,0
15/04/2020,0,1,0,1,0,0
16/04/2020,0,1,0,1,0,0
17/04/2020,0,1,0,1,0,0
18/04/2020,0,1,0,1,0,0
19/04/2020,0,1,0,1,0,0
20/04/2020,0,1,0,1,0,0
21/04/2020,0,1,0,1,0,0
22/04/2020,0,1,0,1,0,0
23/04/2020,0,1,0,1,0,0
24/04/2020,0,1,0,1,0,0
25/04/2020,0,1,0,1,0,0
26/04/2020,0,1,0,1,0,0
27/04/2020,0,1,0,1,0,0
28/04/2020,0,1,0,1,0,0
29/04/2020,0,1,0,1,0,0
30/04/2020,0,1,0,1,0,0
01/05/2020,0,1,0,1,0,0
02/05/2020,0,1,0,1,0,0
03/05/2020,4,5,4,5,0,0
04/05/2020,0,5,0,5,0,0
05/05/2020,0,5,0,5,0,0
06/05/2020,0,5,0,5,0,0
07/05/2020,0,5,0,5,0,0
08/05/2020,0,5,0,5,0,0
09/05/2020,0,5,0,5,0,0
10/05/2020,0,5,0,5,0,0
11/05/2020,0,5,0,5,0,0
12/05/2020,0,5,0,5,0,0
13/05/2020,0,5,0,5,0,0
14/05/2020,0,5,0,5,0,0
15/05/2020,1,6,1,6,0,0
16/05/2020,0,6,0,6,0,0
17/05/2020,0,6,0,6,0,0
18/05/2020,2,8,2,8,0,0
19/05/2020,1,9,1,9,0,0
20/05/2020,1,10,1,10,0,0
21/05/2020,0,10,0,10,0,0
22/05/2020,0,10,0,10,0,0
23/05/2020,0,10,0,10,0,0
24/05/2020,4,14,4,14,0,0
25/05/2020,1,15,1,15,0,0
26/05/2020,6,21,6,21,0,0
27/05/2020,2,23,1,22,1,1
28/05/2020,1,24,1,23,0,1
29/05/2020,5,29,5,28,0,1
30/05/2020,3,32,3,31,0,1
31/05/2020,0,32,0,31,0,1
01/06/2020,0,32,0,31,0,1
02/06/2020,3,35,2,33,0,1
03/06/2020,0,35,0,33,0,1
04/06/2020,1,36,1,34,0,1
05/06/2020,0,36,0,34,0,1
06/06/2020,1,37,1,35,0,1
07/06/2020,0,37,0,35,0,1
08/06/2020,3,40,3,38,0,1
09/06/2020,1,41,1,39,0,1
10/06/2020,0,41,0,39,0,1
11/06/2020,0,41,0,39,0,1
12/06/2020,1,42,1,40,0,1
13/06/2020,3,45,3,43,0,1
14/06/2020,0,45,0,43,0,1
15/06/2020,1,46,1,44,0,1
16/06/2020,0,46,0,44,0,1
17/06/2020,0,46,0,44,0,1
18/06/2020,0,46,0,44,0,1
19/06/2020,0,46,0,44,0,1
20/06/2020,0,46,0,44,0,1
21/06/2020,1,47,1,45,0,1
22/06/2020,0,47,0,45,0,1
23/06/2020,0,47,0,45,0,1
24/06/2020,1,48,1,46,0,1
25/06/2020,1,49,1,47,0,1
26/06/2020,1,50,1,48,0,1
27/06/2020,0,50,0,48,0,1
28/06/2020,0,50,0,48,0,1
29/06/2020,2,52,2,50,0,1
30/06/2020,0,52,0,50,0,1
01/07/2020,1,53,1,51,0,1
02/07/2020,2,55,2,53,0,1
03/07/2020,0,55,0,53,0,1
04/07/2020,9,64,9,62,0,1
05/07/2020,0,64,0,62,0,1
06/07/2020,0,64,0,62,0,1
07/07/2020,0,64,0,62,0,1
08/07/2020,2,66,1,63,0,1
09/07/2020,4,70,3,66,0,1
10/07/2020,7,77,6,72,1,2
11/07/2020,0,77,0,72,0,2
12/07/2020,1,78,1,73,0,2
13/07/2020,1,79,0,73,0,2
14/07/2020,2,81,1,74,0,2
15/07/2020,6,87,6,80,0,2
16/07/2020,1,88,1,81,0,2
17/07/2020,5,93,3,84,0,2
18/07/2020,4,97,3,87,0,2
19/07/2020,2,99,1,88,0,2
20/07/2020,2,101,2,90,0,2
21/07/2020,0,101,0,90,0,2
22/07/2020,3,104,1,91,0,2
23/07/2020,6,110,2,93,0,2
24/07/2020,5,115,2,95,0,2
25/07/2020,6,121,0,95,0,2
26/07/2020,2,123,1,96,0,2
27/07/2020,6,129,1,97,0,2
28/07/2020,2,131,1,98,0,2
29/07/2020,3,134,0,98,0,2
30/07/2020,15,149,1,99,1,3
31/07/2020,6,155,2,101,0,3
01/08/2020,4,159,0,101,0,3
02/08/2020,18,177,0,101,1,4
03/08/2020,2,179,0,101,0,4
04/08/2020,6,185,0,101,0,4
05/08/2020,15,200,0,101,0,4
06/08/2020,8,208,0,101,0,4
07/08/2020,15,223,0,101,0,4
08/08/2020,11,234,0,101,0,4
09/08/2020,8,242,0,101,0,4
10/08/2020,0,242,0,101,0,4
